start	7	2025	1	1	0
	534	186	153.750000	3.000000	9.284067e-05	1.009201e+05	8.470154e-02	6.322371e+00	1.476002e+04	1.476205e+04	1.470546e+04	7.674956e+01	6.302238e-01	2025	1	1	0
	534	186	153.750000	3.000000	1.089897e-04	1.007422e+05	8.470154e-02	7.331635e+00	1.458757e+04	1.458736e+04	1.453752e+04	8.035988e+01	6.933883e-01	2025	1	1	6
	534	186	153.750000	3.000000	9.800655e-05	1.009767e+05	8.470154e-02	6.414538e+00	1.480076e+04	1.480005e+04	1.473400e+04	8.037344e+01	6.962542e-01	2025	1	1	12
	533	184	153.125000	2.000000	5.982198e-05	1.007125e+05	2.220154e-02	5.428003e+00	1.456522e+04	1.456645e+04	1.454984e+04	7.608872e+01	7.195534e-01	2025	1	2	6
	530	188	151.250000	4.000000	1.282418e-05	1.009096e+05	0.000000e+00	7.164831e+00	1.476323e+04	1.476609e+04	1.473667e+04	7.589055e+01	7.510733e-01	2025	1	2	12
	529	189	150.625000	4.500000	4.975548e-05	1.007845e+05	2.220154e-02	8.645961e+00	1.473477e+04	1.473595e+04	1.466174e+04	8.196409e+01	7.874866e-01	2025	1	3	0
	533	191	153.125000	5.500000	5.592511e-05	1.004680e+05	3.272202e+00	9.272372e+00	1.448070e+04	1.448710e+04	1.439806e+04	8.406540e+01	7.618601e-01	2025	1	3	6
start	13	2025	1	1	0
	424	187	85.000000	3.500000	6.856600e-05	1.007830e+05	0.000000e+00	8.463438e+00	1.460321e+04	1.460972e+04	1.456061e+04	8.160950e+01	7.912479e-01	2025	1	1	0
	420	186	82.500000	3.000000	9.615671e-05	1.009358e+05	0.000000e+00	9.209970e+00	1.475121e+04	1.475639e+04	1.468357e+04	8.485712e+01	8.095210e-01	2025	1	1	6
	421	185	83.125000	2.500000	1.606747e-04	1.007244e+05	0.000000e+00	9.272030e+00	1.459542e+04	1.459897e+04	1.450123e+04	8.440592e+01	7.612163e-01	2025	1	1	12
	420	185	82.500000	2.500000	2.183165e-04	1.007447e+05	0.000000e+00	8.257699e+00	1.461395e+04	1.461905e+04	1.452399e+04	7.995489e+01	7.396181e-01	2025	1	2	0
	420	185	82.500000	2.500000	1.951750e-04	1.009927e+05	0.000000e+00	8.581253e+00	1.478659e+04	1.479066e+04	1.470333e+04	8.104203e+01	7.226063e-01	2025	1	2	6
	417	186	80.625000	3.000000	2.170696e-04	1.008008e+05	0.000000e+00	8.561359e+00	1.462825e+04	1.462875e+04	1.456973e+04	8.005077e+01	7.513828e-01	2025	1	2	12
	413	186	78.125000	3.000000	5.982507e-05	1.009834e+05	0.000000e+00	8.616190e+00	1.481124e+04	1.481414e+04	1.475303e+04	8.671295e+01	8.364425e-01	2025	1	3	6
	411	187	76.875000	3.500000	1.694460e-04	1.007068e+05	0.000000e+00	1.030018e+01	1.463425e+04	1.463636e+04	1.450374e+04	8.259097e+01	7.504233e-01	2025	1	4	0
	411	187	76.875000	3.500000	2.800124e-04	1.008812e+05	0.000000e+00	1.014128e+01	1.485658e+04	1.485517e+04	1.467187e+04	8.038148e+01	7.475648e-01	2025	1	4	6
	411	187	76.875000	3.500000	3.030710e-04	1.006440e+05	0.000000e+00	1.017232e+01	1.464248e+04	1.464339e+04	1.447528e+04	8.124663e+01	7.643339e-01	2025	1	4	12
	411	187	76.875000	3.500000	3.197884e-04	1.006480e+05	0.000000e+00	9.393097e+00	1.468167e+04	1.468433e+04	1.447065e+04	8.026315e+01	7.687250e-01	2025	1	5	0
	411	187	76.875000	3.500000	3.146097e-04	1.009261e+05	0.000000e+00	1.022375e+01	1.489938e+04	1.489907e+04	1.470607e+04	8.130533e+01	7.569807e-01	2025	1	5	6
	411	187	76.875000	3.500000	1.925767e-04	1.007458e+05	0.000000e+00	8.968189e+00	1.466408e+04	1.466406e+04	1.453816e+04	8.082791e+01	7.590137e-01	2025	1	5	12
start	12	2025	1	1	0
	403	190	71.875000	5.000000	6.476131e-05	1.008155e+05	3.972015e-01	8.820025e+00	1.467855e+04	1.468244e+04	1.460562e+04	8.998147e+01	8.249388e-01	2025	1	1	0
	406	186	73.750000	3.000000	1.896496e-04	1.008970e+05	2.722015e-01	1.006745e+01	1.480461e+04	1.481031e+04	1.468482e+04	8.324214e+01	7.373969e-01	2025	1	1	6
	405	185	73.125000	2.500000	2.531720e-04	1.006838e+05	2.722015e-01	1.013591e+01	1.458247e+04	1.458421e+04	1.447543e+04	7.831681e+01	6.905160e-01	2025	1	1	12
	403	186	71.875000	3.000000	2.646884e-04	1.007318e+05	1.472015e-01	1.088218e+01	1.467640e+04	1.467734e+04	1.451772e+04	8.230661e+01	7.603160e-01	2025	1	2	0
	400	185	70.000000	2.500000	3.035965e-04	1.009613e+05	0.000000e+00	1.053249e+01	1.486605e+04	1.486896e+04	1.470133e+04	7.500257e+01	7.391540e-01	2025	1	2	6
	400	185	70.000000	2.500000	3.422970e-04	1.004962e+05	0.000000e+00	1.198863e+01	1.462318e+04	1.462887e+04	1.433113e+04	7.595733e+01	7.412714e-01	2025	1	2	12
	399	185	69.375000	2.500000	2.288823e-04	1.006982e+05	0.000000e+00	1.057054e+01	1.463712e+04	1.464261e+04	1.449859e+04	8.093961e+01	7.496217e-01	2025	1	3	0
	399	184	69.375000	2.000000	1.648028e-04	1.010532e+05	0.000000e+00	8.445715e+00	1.487057e+04	1.487174e+04	1.480453e+04	7.922508e+01	7.612287e-01	2025	1	3	6
	399	183	69.375000	1.500000	1.959850e-04	1.007428e+05	0.000000e+00	8.342889e+00	1.460922e+04	1.461106e+04	1.453281e+04	7.605456e+01	7.477059e-01	2025	1	3	12
	403	186	71.875000	3.000000	8.298239e-05	1.006956e+05	1.472015e-01	8.830919e+00	1.461187e+04	1.461652e+04	1.451470e+04	8.311278e+01	7.690739e-01	2025	1	4	0
	402	187	71.250000	3.500000	1.446769e-04	1.010447e+05	8.470154e-02	8.393314e+00	1.487852e+04	1.487325e+04	1.479915e+04	8.493823e+01	7.692552e-01	2025	1	4	6
	402	187	71.250000	3.500000	1.353475e-04	1.008337e+05	8.470154e-02	6.841563e+00	1.464436e+04	1.464430e+04	1.459135e+04	8.341554e+01	7.791834e-01	2025	1	4	12
start	18	2025	1	1	0
	466	199	111.250000	9.500000	2.891952e-04	1.003874e+05	2.220154e-02	1.467933e+01	1.461888e+04	1.463049e+04	1.429655e+04	8.712271e+01	8.734484e-01	2025	1	1	0
	465	197	110.625000	8.500000	3.459143e-04	1.002892e+05	2.220154e-02	1.614968e+01	1.453328e+04	1.454654e+04	1.419536e+04	8.878979e+01	8.634647e-01	2025	1	1	6
	464	195	110.000000	7.500000	3.633817e-04	1.003137e+05	0.000000e+00	1.541683e+01	1.454942e+04	1.456761e+04	1.423123e+04	8.445816e+01	8.335302e-01	2025	1	1	12
	465	192	110.625000	6.000000	2.824835e-04	1.003995e+05	0.000000e+00	1.233305e+01	1.457649e+04	1.459300e+04	1.431630e+04	8.819208e+01	8.318444e-01	2025	1	2	0
	465	192	110.625000	6.000000	2.895817e-04	1.002706e+05	0.000000e+00	1.154117e+01	1.446758e+04	1.448438e+04	1.424977e+04	8.504700e+01	8.249543e-01	2025	1	2	6
	465	194	110.625000	7.000000	3.704657e-04	1.002721e+05	0.000000e+00	1.307414e+01	1.459037e+04	1.460655e+04	1.424604e+04	8.215180e+01	8.224586e-01	2025	1	2	12
	463	194	109.375000	7.000000	3.850997e-04	1.004305e+05	0.000000e+00	1.564495e+01	1.467356e+04	1.468592e+04	1.433121e+04	9.217702e+01	8.909739e-01	2025	1	3	0
	463	192	109.375000	6.000000	3.339144e-04	1.003316e+05	2.389720e+01	1.410450e+01	1.458477e+04	1.459681e+04	1.425180e+04	8.938336e+01	8.753587e-01	2025	1	3	6
	463	190	109.375000	5.000000	3.077381e-04	1.004785e+05	6.914720e+01	1.307495e+01	1.464021e+04	1.464876e+04	1.437073e+04	8.631662e+01	8.333454e-01	2025	1	3	12
	464	189	110.000000	4.500000	2.622127e-04	1.005506e+05	6.914720e+01	1.194336e+01	1.466456e+04	1.467357e+04	1.440751e+04	8.470742e+01	8.129857e-01	2025	1	4	0
	464	189	110.000000	4.500000	3.739207e-04	1.003502e+05	6.914720e+01	1.323878e+01	1.461848e+04	1.462259e+04	1.426369e+04	8.164091e+01	8.277819e-01	2025	1	4	6
	464	189	110.000000	4.500000	2.519912e-04	1.007090e+05	6.914720e+01	1.089181e+01	1.470079e+04	1.470490e+04	1.456483e+04	7.920201e+01	7.956854e-01	2025	1	4	12
	466	190	111.250000	5.000000	1.666002e-04	1.008463e+05	8.647202e+00	9.606334e+00	1.473905e+04	1.474518e+04	1.463929e+04	7.887857e+01	7.922030e-01	2025	1	5	0
	466	189	111.250000	4.500000	1.839209e-04	1.006912e+05	1.977566e+02	1.005392e+01	1.464158e+04	1.464799e+04	1.450079e+04	8.465483e+01	8.573625e-01	2025	1	5	6
	467	189	111.875000	4.500000	1.891295e-04	1.008056e+05	4.261472e+02	1.143668e+01	1.469525e+04	1.469960e+04	1.460312e+04	8.166641e+01	8.511007e-01	2025	1	5	12
	468	189	112.500000	4.500000	9.188898e-05	1.008842e+05	1.928210e+03	7.974536e+00	1.471459e+04	1.472028e+04	1.466756e+04	7.881105e+01	8.048772e-01	2025	1	6	0
	469	189	113.125000	4.500000	5.899798e-05	1.005948e+05	5.435709e+03	6.015447e+00	1.456479e+04	1.456849e+04	1.452287e+04	8.581521e+01	8.631220e-01	2025	1	6	6
	466	189	111.250000	4.500000	5.208880e-05	1.007699e+05	1.977566e+02	8.425703e+00	1.463974e+04	1.464575e+04	1.460131e+04	8.442355e+01	8.549687e-01	2025	1	6	12
start	4	2025	1	2	12
	409	185	75.625000	2.500000	1.443502e-04	1.008142e+05	2.722015e-01	9.786677e+00	1.461792e+04	1.461904e+04	1.454761e+04	7.669250e+01	7.484262e-01	2025	1	2	12
	408	184	75.000000	2.000000	1.068794e-04	1.008629e+05	2.722015e-01	8.274228e+00	1.462950e+04	1.463081e+04	1.459893e+04	8.066269e+01	8.064125e-01	2025	1	3	0
	408	184	75.000000	2.000000	1.208414e-04	1.007732e+05	2.722015e-01	8.413695e+00	1.460236e+04	1.460682e+04	1.455294e+04	8.293815e+01	8.000666e-01	2025	1	3	12
	411	187	76.875000	3.500000	1.694460e-04	1.007068e+05	0.000000e+00	1.030018e+01	1.463425e+04	1.463636e+04	1.450374e+04	8.259097e+01	7.504233e-01	2025	1	4	0
start	4	2025	1	2	12
	575	189	179.375000	4.500000	3.941040e-05	1.008184e+05	0.000000e+00	9.485202e+00	1.467786e+04	1.467966e+04	1.464690e+04	8.857834e+01	8.053181e-01	2025	1	2	12
	573	187	178.125000	3.500000	3.914044e-05	1.006418e+05	0.000000e+00	7.587296e+00	1.455888e+04	1.456181e+04	1.450034e+04	8.865739e+01	8.010107e-01	2025	1	3	6
	570	187	176.250000	3.500000	9.558120e-05	1.006749e+05	0.000000e+00	8.952243e+00	1.461363e+04	1.462228e+04	1.450958e+04	8.824279e+01	7.776427e-01	2025	1	3	12
	573	187	178.125000	3.500000	7.370429e-05	1.008500e+05	0.000000e+00	8.189040e+00	1.471825e+04	1.471980e+04	1.463241e+04	7.902452e+01	7.301142e-01	2025	1	4	12
start	4	2025	1	3	6
	473	204	115.625000	12.000000	4.757277e-05	1.007111e+05	2.220154e-02	1.236275e+01	1.459968e+04	1.460276e+04	1.453037e+04	8.954857e+01	8.856600e-01	2025	1	3	6
	472	203	115.000000	11.500000	1.466047e-04	1.008055e+05	2.220154e-02	1.237627e+01	1.469850e+04	1.470214e+04	1.461198e+04	8.647571e+01	8.597834e-01	2025	1	3	12
	472	204	115.000000	12.000000	8.523278e-05	1.008698e+05	2.220154e-02	1.155012e+01	1.470122e+04	1.470876e+04	1.465064e+04	8.556358e+01	8.543568e-01	2025	1	4	0
	472	199	115.000000	9.500000	6.025707e-05	1.007132e+05	2.220154e-02	9.785165e+00	1.457658e+04	1.458225e+04	1.453359e+04	8.080522e+01	8.406569e-01	2025	1	4	6
start	4	2025	1	4	0
	435	189	91.875000	4.500000	6.996543e-05	1.008635e+05	0.000000e+00	7.533102e+00	1.464930e+04	1.465168e+04	1.463347e+04	7.950596e+01	6.716477e-01	2025	1	4	0
	437	187	93.125000	3.500000	6.609240e-05	1.009320e+05	0.000000e+00	6.984311e+00	1.472513e+04	1.472760e+04	1.469083e+04	8.191087e+01	7.487499e-01	2025	1	4	6
	436	189	92.500000	4.500000	5.225871e-05	1.007993e+05	0.000000e+00	6.665517e+00	1.462580e+04	1.462992e+04	1.459173e+04	8.234694e+01	7.294708e-01	2025	1	4	12
	435	185	91.875000	2.500000	5.029293e-05	1.008755e+05	0.000000e+00	6.144821e+00	1.467814e+04	1.468193e+04	1.464824e+04	7.896388e+01	7.991027e-01	2025	1	5	0
start	9	2025	1	4	6
	386	184	61.250000	2.000000	2.757307e-05	1.012505e+05	0.000000e+00	7.482172e+00	1.493650e+04	1.493668e+04	1.492712e+04	7.576905e+01	7.815897e-01	2025	1	4	6
	389	188	63.125000	4.000000	3.208394e-05	1.008763e+05	0.000000e+00	8.467391e+00	1.461959e+04	1.462222e+04	1.460110e+04	7.953652e+01	8.216259e-01	2025	1	4	12
	391	188	64.375000	4.000000	4.558370e-05	1.009390e+05	0.000000e+00	7.734715e+00	1.465080e+04	1.465429e+04	1.463117e+04	8.350713e+01	8.288226e-01	2025	1	5	0
	393	192	65.625000	6.000000	3.888465e-05	1.009068e+05	0.000000e+00	9.100851e+00	1.463953e+04	1.464172e+04	1.462207e+04	8.654106e+01	8.557562e-01	2025	1	5	12
	392	190	65.000000	5.000000	4.529710e-05	1.009117e+05	0.000000e+00	8.542953e+00	1.466684e+04	1.466933e+04	1.465091e+04	8.634149e+01	8.652838e-01	2025	1	6	0
	391	186	64.375000	3.000000	4.343579e-05	1.012055e+05	0.000000e+00	8.061190e+00	1.492022e+04	1.492274e+04	1.490160e+04	8.215114e+01	8.278810e-01	2025	1	6	6
	389	187	63.125000	3.500000	4.457569e-05	1.008187e+05	0.000000e+00	8.674027e+00	1.461716e+04	1.462047e+04	1.459524e+04	8.726904e+01	8.471771e-01	2025	1	6	12
	391	186	64.375000	3.000000	4.107255e-05	1.009258e+05	0.000000e+00	7.578445e+00	1.470664e+04	1.471048e+04	1.468271e+04	8.029346e+01	8.113996e-01	2025	1	7	0
	395	189	66.875000	4.500000	4.220873e-05	1.008098e+05	0.000000e+00	5.939188e+00	1.459688e+04	1.460157e+04	1.457268e+04	8.280290e+01	8.451633e-01	2025	1	8	0
start	8	2025	1	5	6
	430	190	88.750000	5.000000	1.053194e-04	1.009573e+05	0.000000e+00	8.944860e+00	1.482225e+04	1.482629e+04	1.472865e+04	8.020207e+01	8.065820e-01	2025	1	5	6
	431	189	89.375000	4.500000	2.465047e-04	1.007258e+05	0.000000e+00	1.075197e+01	1.463314e+04	1.463756e+04	1.452181e+04	8.147881e+01	7.791779e-01	2025	1	5	12
	430	192	88.750000	6.000000	2.014071e-04	1.008056e+05	0.000000e+00	1.049765e+01	1.466456e+04	1.466961e+04	1.459179e+04	8.369468e+01	8.019502e-01	2025	1	6	0
	429	193	88.125000	6.500000	2.184749e-04	1.009396e+05	0.000000e+00	1.065110e+01	1.479466e+04	1.479890e+04	1.468616e+04	8.116475e+01	7.937572e-01	2025	1	6	6
	429	193	88.125000	6.500000	1.945500e-04	1.007612e+05	0.000000e+00	9.232600e+00	1.467788e+04	1.468355e+04	1.455413e+04	7.889618e+01	7.426460e-01	2025	1	6	12
	427	191	86.875000	5.500000	2.265935e-04	1.009015e+05	0.000000e+00	7.398015e+00	1.479006e+04	1.479390e+04	1.468510e+04	7.678332e+01	7.646405e-01	2025	1	7	6
	427	192	86.875000	6.000000	2.374346e-04	1.006788e+05	0.000000e+00	9.267253e+00	1.460993e+04	1.461813e+04	1.448502e+04	7.785403e+01	7.585276e-01	2025	1	7	12
	425	193	85.625000	6.500000	1.533405e-04	1.006962e+05	0.000000e+00	8.576342e+00	1.463430e+04	1.464043e+04	1.449327e+04	7.666851e+01	7.683383e-01	2025	1	8	0
start	8	2025	1	6	0
	529	194	150.625000	7.000000	7.778678e-05	1.009923e+05	7.022202e+00	1.036712e+01	1.489485e+04	1.489741e+04	1.483628e+04	8.103777e+01	7.140125e-01	2025	1	6	0
	526	194	148.750000	7.000000	8.539904e-05	1.006105e+05	8.470154e-02	1.027884e+01	1.458877e+04	1.459223e+04	1.451119e+04	8.297139e+01	7.440953e-01	2025	1	6	6
	523	194	146.875000	7.000000	1.152237e-04	1.008789e+05	2.220154e-02	1.137007e+01	1.485246e+04	1.485721e+04	1.473682e+04	8.062324e+01	7.333301e-01	2025	1	6	12
	523	191	146.875000	5.500000	5.411805e-05	1.009035e+05	2.220154e-02	9.619073e+00	1.484241e+04	1.484727e+04	1.473010e+04	7.621980e+01	7.565599e-01	2025	1	7	0
	523	190	146.875000	5.000000	3.411543e-05	1.007208e+05	2.220154e-02	7.709329e+00	1.461408e+04	1.461242e+04	1.457461e+04	8.436364e+01	8.013902e-01	2025	1	7	6
	525	188	148.125000	4.000000	5.886346e-05	1.009159e+05	0.000000e+00	7.234349e+00	1.480394e+04	1.480795e+04	1.472539e+04	8.238059e+01	7.919649e-01	2025	1	7	12
	525	186	148.125000	3.000000	5.457181e-05	1.009298e+05	0.000000e+00	6.385998e+00	1.479026e+04	1.479072e+04	1.473570e+04	7.971213e+01	7.938924e-01	2025	1	8	0
	528	188	150.000000	4.000000	1.422721e-05	1.007150e+05	0.000000e+00	8.349049e+00	1.458267e+04	1.458409e+04	1.454044e+04	7.760140e+01	8.316941e-01	2025	1	8	6
start	4	2025	1	6	6
	552	190	165.000000	5.000000	7.370825e-05	1.007436e+05	1.845970e+01	1.172713e+01	1.464841e+04	1.465246e+04	1.459598e+04	8.653529e+01	7.854165e-01	2025	1	6	6
	550	190	163.750000	5.000000	1.449064e-04	1.008221e+05	1.845970e+01	1.315049e+01	1.476015e+04	1.477224e+04	1.464100e+04	8.842136e+01	7.424759e-01	2025	1	6	12
	547	187	161.875000	3.500000	9.244477e-05	1.009028e+05	1.845970e+01	1.136666e+01	1.475720e+04	1.476069e+04	1.470220e+04	8.531992e+01	7.904142e-01	2025	1	7	0
	546	186	161.250000	3.000000	3.263334e-05	1.005943e+05	0.000000e+00	1.066870e+01	1.451870e+04	1.452192e+04	1.446543e+04	8.847226e+01	7.684542e-01	2025	1	7	6
start	8	2025	1	7	0
	228	185	-37.500000	2.500000	7.982708e-05	1.011442e+05	0.000000e+00	8.455663e+00	1.491759e+04	1.491777e+04	1.487035e+04	8.508371e+01	7.898540e-01	2025	1	7	0
	226	185	-38.750000	2.500000	6.767413e-05	1.009075e+05	0.000000e+00	7.789801e+00	1.468571e+04	1.468681e+04	1.464295e+04	8.363204e+01	7.759014e-01	2025	1	7	6
	228	186	-37.500000	3.000000	4.322595e-05	1.011460e+05	0.000000e+00	8.379414e+00	1.490802e+04	1.490874e+04	1.487787e+04	8.329626e+01	7.553479e-01	2025	1	7	12
	224	185	-40.000000	2.500000	5.557312e-05	1.009078e+05	0.000000e+00	7.383551e+00	1.468627e+04	1.468949e+04	1.465416e+04	8.031908e+01	7.927723e-01	2025	1	8	6
	222	185	-41.250000	2.500000	5.505596e-05	1.011049e+05	0.000000e+00	8.386361e+00	1.488125e+04	1.488411e+04	1.484784e+04	8.129396e+01	7.695086e-01	2025	1	8	12
	218	186	-43.750000	3.000000	5.817542e-05	1.010382e+05	0.000000e+00	8.028436e+00	1.484452e+04	1.484700e+04	1.479797e+04	8.130071e+01	8.182017e-01	2025	1	9	0
	219	186	-43.125000	3.000000	5.674663e-05	1.007585e+05	0.000000e+00	9.709591e+00	1.462225e+04	1.462626e+04	1.455751e+04	8.166944e+01	8.107054e-01	2025	1	9	6
	215	186	-45.625000	3.000000	6.275211e-05	1.009252e+05	0.000000e+00	1.037876e+01	1.479606e+04	1.479917e+04	1.472022e+04	8.084763e+01	8.156213e-01	2025	1	9	12
start	5	2025	1	7	0
	88	192	-125.000000	6.000000	1.923635e-04	1.008272e+05	0.000000e+00	8.865583e+00	1.467648e+04	1.468022e+04	1.454975e+04	8.847017e+01	8.593504e-01	2025	1	7	0
	87	191	-125.625000	5.500000	2.309598e-04	1.012111e+05	0.000000e+00	9.257253e+00	1.500574e+04	1.501062e+04	1.485051e+04	8.569928e+01	8.274238e-01	2025	1	7	6
	86	191	-126.250000	5.500000	2.212039e-04	1.010273e+05	0.000000e+00	9.449640e+00	1.479796e+04	1.480238e+04	1.468071e+04	7.973605e+01	7.927353e-01	2025	1	7	12
	88	195	-125.000000	7.500000	1.079109e-04	1.010583e+05	0.000000e+00	1.018732e+01	1.480907e+04	1.481289e+04	1.470694e+04	8.127099e+01	7.653317e-01	2025	1	8	0
	90	195	-123.750000	7.500000	1.566838e-04	1.014631e+05	0.000000e+00	9.911475e+00	1.511806e+04	1.511798e+04	1.502365e+04	7.717135e+01	7.369285e-01	2025	1	8	6
start	4	2025	1	8	6
	98	188	-118.750000	4.000000	8.068392e-05	1.014388e+05	0.000000e+00	6.404042e+00	1.506156e+04	1.506402e+04	1.502378e+04	9.136401e+01	8.618368e-01	2025	1	8	6
	98	189	-118.750000	4.500000	8.872715e-05	1.012062e+05	0.000000e+00	7.247458e+00	1.487771e+04	1.487912e+04	1.482333e+04	9.218925e+01	8.720327e-01	2025	1	8	12
	97	188	-119.375000	4.000000	1.158695e-04	1.011065e+05	0.000000e+00	6.994755e+00	1.478329e+04	1.478576e+04	1.472977e+04	9.067995e+01	8.713357e-01	2025	1	9	0
	95	188	-120.625000	4.000000	1.200798e-04	1.012019e+05	0.000000e+00	6.366179e+00	1.485176e+04	1.485448e+04	1.478904e+04	8.884677e+01	8.680288e-01	2025	1	9	12
start	5	2025	1	8	6
	390	193	63.750000	6.500000	9.600483e-05	1.010314e+05	0.000000e+00	1.137807e+01	1.488072e+04	1.488577e+04	1.477296e+04	8.562533e+01	7.792547e-01	2025	1	8	6
	390	189	63.750000	4.500000	1.718384e-04	1.007190e+05	0.000000e+00	1.166666e+01	1.457608e+04	1.457668e+04	1.451527e+04	8.497531e+01	7.409932e-01	2025	1	8	12
	393	187	65.625000	3.500000	7.321310e-05	1.010365e+05	0.000000e+00	7.861842e+00	1.483924e+04	1.484070e+04	1.478449e+04	7.611568e+01	7.259600e-01	2025	1	9	6
	390	187	63.750000	3.500000	8.958449e-05	1.009116e+05	0.000000e+00	7.371789e+00	1.470136e+04	1.470445e+04	1.466636e+04	9.000499e+01	7.847406e-01	2025	1	10	0
	390	186	63.750000	3.000000	1.377975e-04	1.011538e+05	0.000000e+00	9.386702e+00	1.492557e+04	1.492826e+04	1.484821e+04	8.456445e+01	7.453393e-01	2025	1	10	6
start	10	2025	1	9	0
	509	189	138.125000	4.500000	2.637111e-05	1.009728e+05	0.000000e+00	7.989198e+00	1.484134e+04	1.484344e+04	1.482157e+04	7.702739e+01	7.696753e-01	2025	1	9	0
	507	190	136.875000	5.000000	5.514060e-05	1.005391e+05	0.000000e+00	8.442389e+00	1.455414e+04	1.456076e+04	1.442148e+04	7.667534e+01	7.873018e-01	2025	1	9	6
	507	190	136.875000	5.000000	1.224107e-04	1.009614e+05	0.000000e+00	8.733536e+00	1.487689e+04	1.487607e+04	1.478041e+04	7.978690e+01	7.753192e-01	2025	1	9	12
	509	188	138.125000	4.000000	1.561406e-04	1.009807e+05	0.000000e+00	9.206849e+00	1.493135e+04	1.493064e+04	1.481090e+04	8.120722e+01	7.684344e-01	2025	1	10	0
	506	189	136.250000	4.500000	4.388113e-05	1.009911e+05	0.000000e+00	8.446887e+00	1.490400e+04	1.490609e+04	1.482530e+04	7.710000e+01	7.124698e-01	2025	1	10	12
	504	186	135.000000	3.000000	5.087762e-05	1.010573e+05	2.220154e-02	9.575140e+00	1.492500e+04	1.493085e+04	1.486568e+04	7.532557e+01	7.435422e-01	2025	1	11	0
	503	186	134.375000	3.000000	1.200601e-04	1.007134e+05	2.220154e-02	7.833759e+00	1.462543e+04	1.462937e+04	1.450356e+04	7.836567e+01	7.830783e-01	2025	1	11	6
	502	184	133.750000	2.000000	8.785322e-05	1.010268e+05	8.470154e-02	6.575515e+00	1.487511e+04	1.487420e+04	1.482368e+04	8.114902e+01	7.763234e-01	2025	1	11	12
	499	187	131.875000	3.500000	6.656926e-05	1.009573e+05	8.470154e-02	9.683130e+00	1.486223e+04	1.486456e+04	1.475446e+04	7.708101e+01	7.624888e-01	2025	1	12	0
	496	188	130.000000	4.000000	1.059687e-04	1.007170e+05	7.542097e+02	9.925312e+00	1.462950e+04	1.462539e+04	1.454533e+04	8.235955e+01	7.758190e-01	2025	1	12	6
start	4	2025	1	9	0
	1	192	-179.375000	6.000000	8.236987e-05	1.009792e+05	0.000000e+00	1.146432e+01	1.477449e+04	1.477746e+04	1.472348e+04	8.108759e+01	6.862915e-01	2025	1	9	0
	0	188	-180.000000	4.000000	4.715809e-05	1.008659e+05	0.000000e+00	1.058004e+01	1.474082e+04	1.474190e+04	1.467732e+04	8.389978e+01	8.441260e-01	2025	1	10	0
	573	188	178.125000	4.000000	3.536944e-05	1.007763e+05	0.000000e+00	1.091066e+01	1.464582e+04	1.464765e+04	1.460597e+04	8.486920e+01	8.672987e-01	2025	1	10	6
	569	187	175.625000	3.500000	2.309028e-05	1.008903e+05	0.000000e+00	1.040619e+01	1.477729e+04	1.478115e+04	1.471240e+04	8.586788e+01	8.646446e-01	2025	1	10	12
start	7	2025	1	9	6
	565	190	173.125000	5.000000	7.521592e-05	1.008554e+05	2.722015e-01	1.074236e+01	1.467123e+04	1.467363e+04	1.463506e+04	7.740529e+01	6.783608e-01	2025	1	9	6
	563	189	171.875000	4.500000	1.084555e-04	1.007267e+05	2.722015e-01	1.090753e+01	1.464533e+04	1.464911e+04	1.454948e+04	8.294078e+01	7.846392e-01	2025	1	10	6
	559	188	169.375000	4.000000	8.037475e-05	1.009516e+05	8.470154e-02	1.002470e+01	1.483185e+04	1.483576e+04	1.474269e+04	8.212551e+01	7.828497e-01	2025	1	10	12
	556	190	167.500000	5.000000	1.618650e-04	1.008986e+05	8.470154e-02	1.226230e+01	1.482216e+04	1.482131e+04	1.470443e+04	8.620246e+01	8.115737e-01	2025	1	11	0
	553	190	165.625000	5.000000	1.643399e-04	1.007990e+05	0.000000e+00	1.143024e+01	1.471150e+04	1.471493e+04	1.460291e+04	8.348758e+01	8.016011e-01	2025	1	11	6
	551	190	164.375000	5.000000	1.648990e-04	1.010109e+05	1.845970e+01	1.160815e+01	1.489581e+04	1.490088e+04	1.479027e+04	8.066525e+01	7.742876e-01	2025	1	11	12
	548	190	162.500000	5.000000	4.673545e-05	1.008434e+05	1.845970e+01	1.031405e+01	1.469529e+04	1.469620e+04	1.467833e+04	7.958306e+01	7.658766e-01	2025	1	12	6
start	8	2025	1	9	6
	114	193	-108.750000	6.500000	7.749405e-05	1.012902e+05	0.000000e+00	6.997424e+00	1.501674e+04	1.501852e+04	1.496642e+04	9.530423e+01	9.340262e-01	2025	1	9	6
	113	194	-109.375000	7.000000	2.007672e-04	1.008584e+05	0.000000e+00	9.294422e+00	1.473168e+04	1.474524e+04	1.459163e+04	9.241685e+01	9.023322e-01	2025	1	9	12
	114	194	-108.750000	7.000000	3.961242e-04	1.006595e+05	0.000000e+00	1.243716e+01	1.468463e+04	1.469279e+04	1.444398e+04	9.060692e+01	8.906171e-01	2025	1	10	0
	113	193	-109.375000	6.500000	3.220204e-04	1.008951e+05	0.000000e+00	1.144154e+01	1.490355e+04	1.490942e+04	1.468224e+04	9.013588e+01	8.673823e-01	2025	1	10	6
	114	194	-108.750000	7.000000	3.478286e-04	1.006534e+05	0.000000e+00	1.311408e+01	1.470349e+04	1.470772e+04	1.446232e+04	8.941213e+01	8.494396e-01	2025	1	10	12
	114	195	-108.750000	7.500000	1.305586e-04	1.006348e+05	0.000000e+00	9.068188e+00	1.457384e+04	1.457677e+04	1.448639e+04	9.073644e+01	8.637573e-01	2025	1	11	0
	114	195	-108.750000	7.500000	1.268686e-04	1.009393e+05	0.000000e+00	8.444815e+00	1.478145e+04	1.478295e+04	1.472111e+04	9.260985e+01	8.820050e-01	2025	1	11	6
	115	195	-108.125000	7.500000	1.065303e-04	1.007443e+05	0.000000e+00	9.020255e+00	1.460879e+04	1.461044e+04	1.455293e+04	9.064934e+01	8.781210e-01	2025	1	11	12
start	4	2025	1	10	0
	143	197	-90.625000	8.500000	6.141583e-05	1.009018e+05	0.000000e+00	8.032184e+00	1.469491e+04	1.469853e+04	1.465857e+04	8.983939e+01	8.424829e-01	2025	1	10	0
	141	198	-91.875000	9.000000	7.786721e-05	1.009279e+05	0.000000e+00	6.103968e+00	1.467670e+04	1.467873e+04	1.464586e+04	8.729922e+01	8.337589e-01	2025	1	11	0
	141	197	-91.875000	8.500000	5.666820e-05	1.010390e+05	0.000000e+00	4.838403e+00	1.477689e+04	1.477822e+04	1.475197e+04	8.439880e+01	8.396736e-01	2025	1	11	6
	141	200	-91.875000	10.000000	6.704389e-05	1.009661e+05	0.000000e+00	5.480821e+00	1.475235e+04	1.475615e+04	1.471852e+04	7.849536e+01	8.165061e-01	2025	1	11	12
start	7	2025	1	10	6
	133	192	-96.875000	6.000000	6.089652e-05	1.011368e+05	0.000000e+00	7.306501e+00	1.482736e+04	1.482962e+04	1.480736e+04	9.318034e+01	9.184472e-01	2025	1	10	6
	132	196	-97.500000	8.000000	8.602210e-05	1.010046e+05	0.000000e+00	7.756301e+00	1.473167e+04	1.473277e+04	1.470059e+04	9.475843e+01	9.138752e-01	2025	1	10	12
	128	195	-100.000000	7.500000	4.044242e-05	1.010000e+05	0.000000e+00	5.752645e+00	1.474666e+04	1.474969e+04	1.470945e+04	9.380446e+01	9.222687e-01	2025	1	11	6
	129	195	-99.375000	7.500000	6.337308e-05	1.008576e+05	0.000000e+00	6.890142e+00	1.465435e+04	1.465682e+04	1.459771e+04	9.419442e+01	9.188368e-01	2025	1	11	12
	125	193	-101.875000	6.500000	1.112265e-05	1.009658e+05	0.000000e+00	5.615950e+00	1.469078e+04	1.469140e+04	1.467284e+04	8.693678e+01	8.511167e-01	2025	1	12	12
	122	196	-103.750000	8.000000	9.586956e-05	1.010590e+05	0.000000e+00	8.135452e+00	1.481722e+04	1.481673e+04	1.472579e+04	8.323100e+01	7.926548e-01	2025	1	13	0
	123	195	-103.125000	7.500000	1.327200e-04	1.012545e+05	0.000000e+00	6.284329e+00	1.499860e+04	1.499958e+04	1.490362e+04	8.095629e+01	7.499266e-01	2025	1	13	6
start	15	2025	1	11	0
	422	192	83.750000	6.000000	1.033070e-04	1.009309e+05	1.337722e+02	7.845102e+00	1.477476e+04	1.478186e+04	1.470925e+04	7.737101e+01	7.694912e-01	2025	1	11	0
	421	191	83.125000	5.500000	1.046849e-04	1.010984e+05	3.306160e+02	7.829544e+00	1.492111e+04	1.492536e+04	1.486006e+04	8.161936e+01	7.876185e-01	2025	1	11	6
	419	190	81.875000	5.000000	1.556126e-04	1.008640e+05	3.108710e+03	8.749227e+00	1.477333e+04	1.477895e+04	1.466000e+04	8.447618e+01	8.173795e-01	2025	1	11	12
	418	189	81.250000	4.500000	2.842272e-04	1.007281e+05	5.959597e+02	1.149402e+01	1.471236e+04	1.472042e+04	1.452056e+04	8.408672e+01	8.057696e-01	2025	1	12	0
	416	189	80.000000	4.500000	2.317089e-04	1.009250e+05	5.959597e+02	1.145903e+01	1.486329e+04	1.487378e+04	1.467159e+04	8.613476e+01	8.013325e-01	2025	1	12	6
	415	188	79.375000	4.000000	2.271871e-04	1.006873e+05	1.920970e+01	1.128647e+01	1.465934e+04	1.467026e+04	1.449657e+04	8.501284e+01	7.873571e-01	2025	1	12	12
	413	185	78.125000	2.500000	3.787771e-04	1.004059e+05	0.000000e+00	1.529303e+01	1.461320e+04	1.462183e+04	1.427167e+04	8.066998e+01	7.289947e-01	2025	1	13	0
	412	185	77.500000	2.500000	4.148149e-04	1.004725e+05	0.000000e+00	1.501492e+01	1.472836e+04	1.473883e+04	1.434301e+04	7.961179e+01	7.152799e-01	2025	1	13	6
	412	185	77.500000	2.500000	4.452268e-04	1.003567e+05	0.000000e+00	1.522602e+01	1.459639e+04	1.460563e+04	1.423206e+04	7.910885e+01	7.206399e-01	2025	1	13	12
	411	185	76.875000	2.500000	4.116431e-04	1.005375e+05	0.000000e+00	1.484473e+01	1.464937e+04	1.465354e+04	1.436291e+04	8.191652e+01	7.704132e-01	2025	1	14	0
	411	185	76.875000	2.500000	3.935902e-04	1.007366e+05	0.000000e+00	1.283795e+01	1.481074e+04	1.481806e+04	1.452888e+04	8.070008e+01	7.669497e-01	2025	1	14	6
	411	184	76.875000	2.000000	2.779764e-04	1.006666e+05	0.000000e+00	1.241303e+01	1.462788e+04	1.463513e+04	1.447536e+04	8.156486e+01	7.509862e-01	2025	1	14	12
	413	183	78.125000	1.500000	1.395687e-04	1.007549e+05	0.000000e+00	9.394949e+00	1.466364e+04	1.467154e+04	1.458678e+04	8.802898e+01	7.552696e-01	2025	1	15	0
	412	183	77.500000	1.500000	1.616162e-04	1.009973e+05	0.000000e+00	1.129881e+01	1.487001e+04	1.487413e+04	1.480843e+04	8.784217e+01	7.539722e-01	2025	1	15	6
	412	182	77.500000	1.000000	2.019059e-04	1.006254e+05	0.000000e+00	1.349036e+01	1.461907e+04	1.462882e+04	1.445494e+04	7.990752e+01	7.226893e-01	2025	1	15	12
start	7	2025	1	12	0
	394	189	66.250000	4.500000	7.289634e-05	1.009642e+05	0.000000e+00	6.178272e+00	1.473039e+04	1.473505e+04	1.469485e+04	7.896200e+01	7.005176e-01	2025	1	12	0
	394	189	66.250000	4.500000	5.865727e-05	1.011309e+05	0.000000e+00	7.302137e+00	1.490091e+04	1.490684e+04	1.486005e+04	8.169139e+01	7.343871e-01	2025	1	12	6
	392	194	65.000000	7.000000	1.043897e-04	1.008412e+05	0.000000e+00	8.735231e+00	1.468526e+04	1.468994e+04	1.463435e+04	8.865250e+01	8.360644e-01	2025	1	12	12
	388	192	62.500000	6.000000	2.240329e-04	1.006498e+05	0.000000e+00	1.093336e+01	1.462626e+04	1.463496e+04	1.446887e+04	8.821293e+01	8.235031e-01	2025	1	13	0
	387	192	61.875000	6.000000	2.709525e-04	1.008374e+05	0.000000e+00	1.168890e+01	1.488357e+04	1.488615e+04	1.464700e+04	9.124551e+01	8.237571e-01	2025	1	13	6
	387	191	61.875000	5.500000	2.743796e-04	1.005196e+05	0.000000e+00	1.373574e+01	1.461777e+04	1.462563e+04	1.437640e+04	8.721761e+01	7.998925e-01	2025	1	13	12
	386	190	61.250000	5.000000	2.005002e-04	1.007279e+05	0.000000e+00	9.372372e+00	1.467591e+04	1.468102e+04	1.452478e+04	7.907296e+01	7.497286e-01	2025	1	14	0
start	5	2025	1	13	0
	226	184	-38.750000	2.000000	1.636736e-05	1.010333e+05	0.000000e+00	8.513968e+00	1.483623e+04	1.483739e+04	1.481390e+04	7.688702e+01	7.424598e-01	2025	1	13	0
	224	180	-40.000000	0.000000	1.373708e-05	1.007355e+05	0.000000e+00	8.774101e+00	1.457241e+04	1.457881e+04	1.453680e+04	8.824736e+01	8.639346e-01	2025	1	13	6
	222	183	-41.250000	1.500000	1.490543e-05	1.010207e+05	0.000000e+00	9.339263e+00	1.479071e+04	1.479486e+04	1.477003e+04	8.711030e+01	8.388116e-01	2025	1	13	12
	225	185	-39.375000	2.500000	1.124855e-05	1.010299e+05	0.000000e+00	8.132631e+00	1.479785e+04	1.480038e+04	1.477935e+04	8.481961e+01	8.215088e-01	2025	1	14	12
	224	183	-40.000000	1.500000	5.381831e-05	1.009016e+05	0.000000e+00	8.223021e+00	1.462206e+04	1.462406e+04	1.459221e+04	9.267645e+01	9.091372e-01	2025	1	15	6
start	4	2025	1	13	0
	470	196	113.750000	8.000000	2.360563e-04	1.007353e+05	2.220154e-02	1.411994e+01	1.475096e+04	1.476118e+04	1.456796e+04	8.928735e+01	8.763041e-01	2025	1	13	0
	468	194	112.500000	7.000000	2.460436e-04	1.005779e+05	2.220154e-02	1.297772e+01	1.461131e+04	1.462052e+04	1.441795e+04	8.708138e+01	8.940766e-01	2025	1	13	6
	467	193	111.875000	6.500000	2.290885e-04	1.007470e+05	2.220154e-02	1.278316e+01	1.471942e+04	1.472591e+04	1.458521e+04	8.084403e+01	8.497886e-01	2025	1	13	12
	463	190	109.375000	5.000000	7.841233e-05	1.008356e+05	6.914720e+01	8.813626e+00	1.469824e+04	1.470606e+04	1.465327e+04	7.526397e+01	8.089578e-01	2025	1	14	6
start	16	2025	1	13	12
	441	189	95.625000	4.500000	1.566118e-04	1.007590e+05	1.252171e+04	9.009843e+00	1.467132e+04	1.467447e+04	1.456008e+04	8.537747e+01	7.968835e-01	2025	1	13	12
	437	191	93.125000	5.500000	2.265005e-04	1.007627e+05	2.132253e+02	1.148709e+01	1.469258e+04	1.469862e+04	1.454537e+04	8.343541e+01	7.594908e-01	2025	1	14	0
	435	191	91.875000	5.500000	2.483255e-04	1.009020e+05	9.897202e+00	1.205005e+01	1.483041e+04	1.483473e+04	1.468194e+04	8.467957e+01	7.469065e-01	2025	1	14	6
	432	191	90.000000	5.500000	2.646501e-04	1.006875e+05	0.000000e+00	1.341144e+01	1.471167e+04	1.471922e+04	1.452489e+04	8.286293e+01	7.445018e-01	2025	1	14	12
	428	191	87.500000	5.500000	2.938270e-04	1.006415e+05	0.000000e+00	1.571072e+01	1.473665e+04	1.474139e+04	1.446947e+04	8.472257e+01	8.188803e-01	2025	1	15	0
	426	191	86.250000	5.500000	2.535082e-04	1.008586e+05	0.000000e+00	1.465345e+01	1.483592e+04	1.484056e+04	1.464645e+04	8.481267e+01	8.267306e-01	2025	1	15	6
	423	190	84.375000	5.000000	2.411932e-04	1.007941e+05	0.000000e+00	1.236735e+01	1.472412e+04	1.472867e+04	1.456819e+04	8.546241e+01	8.358609e-01	2025	1	15	12
	419	188	81.875000	4.000000	1.718328e-04	1.007212e+05	1.920970e+01	1.257886e+01	1.468706e+04	1.469278e+04	1.456206e+04	8.301911e+01	8.073434e-01	2025	1	16	0
	417	187	80.625000	3.500000	2.359987e-04	1.007967e+05	1.920970e+01	1.292279e+01	1.481978e+04	1.482691e+04	1.459268e+04	8.016906e+01	7.580187e-01	2025	1	16	6
	417	185	80.625000	2.500000	2.043710e-04	1.006712e+05	0.000000e+00	1.018305e+01	1.463653e+04	1.464276e+04	1.447813e+04	7.863249e+01	7.485691e-01	2025	1	16	12
	416	183	80.000000	1.500000	2.674686e-04	1.005497e+05	0.000000e+00	1.248705e+01	1.462077e+04	1.462503e+04	1.439810e+04	8.135009e+01	7.655628e-01	2025	1	17	0
	417	182	80.625000	1.000000	2.456312e-04	1.008832e+05	0.000000e+00	1.147524e+01	1.473959e+04	1.473985e+04	1.463689e+04	8.055441e+01	7.394257e-01	2025	1	17	6
	418	181	81.250000	0.500000	2.223454e-04	1.006176e+05	0.000000e+00	8.751558e+00	1.451771e+04	1.452039e+04	1.443046e+04	7.863764e+01	7.013416e-01	2025	1	17	12
	421	180	83.125000	0.000000	2.436567e-04	1.006141e+05	0.000000e+00	1.141972e+01	1.453496e+04	1.453706e+04	1.442662e+04	7.695698e+01	7.013119e-01	2025	1	18	0
	424	181	85.000000	0.500000	1.454563e-04	1.008249e+05	0.000000e+00	9.623589e+00	1.467055e+04	1.467134e+04	1.459870e+04	7.886325e+01	7.318776e-01	2025	1	18	6
	426	182	86.250000	1.000000	1.168427e-04	1.006758e+05	0.000000e+00	8.804019e+00	1.452284e+04	1.452380e+04	1.446726e+04	7.786352e+01	7.190584e-01	2025	1	18	12
start	8	2025	1	14	6
	83	194	-128.125000	7.000000	2.469469e-05	1.013519e+05	0.000000e+00	9.606544e+00	1.502850e+04	1.502728e+04	1.494992e+04	8.993601e+01	8.583856e-01	2025	1	14	6
	80	194	-130.000000	7.000000	1.043948e-04	1.010307e+05	0.000000e+00	9.175016e+00	1.474345e+04	1.474379e+04	1.468937e+04	8.767391e+01	8.250289e-01	2025	1	14	12
	79	195	-130.625000	7.500000	7.531454e-05	1.009925e+05	0.000000e+00	7.378520e+00	1.471702e+04	1.471869e+04	1.465867e+04	8.779213e+01	8.415074e-01	2025	1	15	0
	78	195	-131.250000	7.500000	1.251172e-04	1.012687e+05	0.000000e+00	9.811157e+00	1.499208e+04	1.499397e+04	1.489625e+04	8.631530e+01	8.048576e-01	2025	1	15	6
	77	195	-131.875000	7.500000	1.730379e-04	1.010008e+05	0.000000e+00	1.008982e+01	1.478121e+04	1.478316e+04	1.467498e+04	8.190373e+01	8.050182e-01	2025	1	15	12
	74	194	-133.750000	7.000000	1.262907e-04	1.009977e+05	0.000000e+00	9.489191e+00	1.471302e+04	1.471629e+04	1.466677e+04	8.241662e+01	7.761700e-01	2025	1	16	0
	72	194	-135.000000	7.000000	1.094878e-04	1.014040e+05	0.000000e+00	9.076701e+00	1.506850e+04	1.506765e+04	1.502340e+04	8.544263e+01	7.780116e-01	2025	1	16	6
	71	193	-135.625000	6.500000	9.726038e-05	1.011398e+05	0.000000e+00	7.658273e+00	1.482560e+04	1.482511e+04	1.479070e+04	8.492250e+01	7.845193e-01	2025	1	16	12
start	5	2025	1	14	6
	99	198	-118.125000	9.000000	4.503121e-05	1.014023e+05	0.000000e+00	9.128152e+00	1.508478e+04	1.508490e+04	1.496901e+04	9.159491e+01	8.884130e-01	2025	1	14	6
	97	197	-119.375000	8.500000	1.048199e-04	1.010673e+05	0.000000e+00	9.893542e+00	1.483315e+04	1.483455e+04	1.472435e+04	8.930575e+01	8.543716e-01	2025	1	14	12
	95	197	-120.625000	8.500000	1.155786e-04	1.010560e+05	0.000000e+00	9.217276e+00	1.479130e+04	1.478972e+04	1.472197e+04	8.078087e+01	8.139669e-01	2025	1	15	0
	94	197	-121.250000	8.500000	1.023953e-04	1.014250e+05	0.000000e+00	9.855921e+00	1.509902e+04	1.509673e+04	1.504320e+04	7.985779e+01	8.260517e-01	2025	1	15	6
	92	197	-122.500000	8.500000	7.354609e-05	1.011842e+05	0.000000e+00	1.042499e+01	1.488179e+04	1.488076e+04	1.482940e+04	7.751162e+01	8.087037e-01	2025	1	15	12
start	10	2025	1	16	6
	395	188	66.875000	4.000000	1.563415e-05	1.012476e+05	0.000000e+00	7.130966e+00	1.493995e+04	1.494155e+04	1.492501e+04	7.791595e+01	7.231581e-01	2025	1	16	6
	392	189	65.000000	4.500000	4.318808e-05	1.009219e+05	0.000000e+00	8.739785e+00	1.467430e+04	1.467635e+04	1.465610e+04	8.186485e+01	7.723848e-01	2025	1	16	12
	388	189	62.500000	4.500000	4.714904e-05	1.008897e+05	0.000000e+00	9.599689e+00	1.466544e+04	1.466821e+04	1.464454e+04	8.834628e+01	8.128709e-01	2025	1	17	0
	386	192	61.250000	6.000000	3.808747e-05	1.010721e+05	0.000000e+00	9.209205e+00	1.483384e+04	1.483668e+04	1.479777e+04	8.578350e+01	7.852790e-01	2025	1	17	6
	383	191	59.375000	5.500000	6.397970e-05	1.008005e+05	0.000000e+00	9.947415e+00	1.459931e+04	1.460052e+04	1.454237e+04	9.578828e+01	8.787216e-01	2025	1	18	0
	382	190	58.750000	5.000000	1.084797e-04	1.010446e+05	0.000000e+00	9.908704e+00	1.479944e+04	1.480228e+04	1.475203e+04	9.138119e+01	8.502622e-01	2025	1	18	6
	381	188	58.125000	4.000000	1.393812e-04	1.006622e+05	0.000000e+00	9.307202e+00	1.448155e+04	1.448385e+04	1.443169e+04	9.353536e+01	8.753059e-01	2025	1	18	12
	380	184	57.500000	2.000000	1.692216e-04	1.007589e+05	0.000000e+00	9.799413e+00	1.459742e+04	1.460093e+04	1.451931e+04	8.980080e+01	8.657298e-01	2025	1	19	0
	380	183	57.500000	1.500000	1.914512e-04	1.010184e+05	0.000000e+00	1.018565e+01	1.485204e+04	1.485615e+04	1.474348e+04	8.785111e+01	8.217800e-01	2025	1	19	6
	381	182	58.125000	1.000000	2.361433e-04	1.005959e+05	0.000000e+00	1.236065e+01	1.455741e+04	1.455889e+04	1.440255e+04	8.474656e+01	8.114977e-01	2025	1	19	12
start	10	2025	1	16	12
	402	186	71.250000	3.000000	2.073254e-05	1.008680e+05	1.472015e-01	6.250672e+00	1.466163e+04	1.466405e+04	1.464098e+04	8.029309e+01	7.868663e-01	2025	1	16	12
	400	190	70.000000	5.000000	8.531856e-05	1.007191e+05	0.000000e+00	9.113070e+00	1.464816e+04	1.465313e+04	1.453032e+04	8.353721e+01	7.953531e-01	2025	1	17	0
	399	189	69.375000	4.500000	9.532989e-05	1.010137e+05	0.000000e+00	7.517134e+00	1.480154e+04	1.480071e+04	1.475655e+04	8.397728e+01	7.980145e-01	2025	1	17	6
	399	188	69.375000	4.000000	5.604803e-05	1.007048e+05	0.000000e+00	6.878569e+00	1.452256e+04	1.452406e+04	1.447937e+04	8.364353e+01	7.997985e-01	2025	1	17	12
	396	187	67.500000	3.500000	9.096636e-05	1.006439e+05	0.000000e+00	9.217162e+00	1.456957e+04	1.457390e+04	1.445118e+04	8.505766e+01	8.054250e-01	2025	1	18	0
	395	186	66.875000	3.000000	1.325642e-04	1.009329e+05	0.000000e+00	7.728886e+00	1.477439e+04	1.477302e+04	1.468294e+04	8.332592e+01	7.876056e-01	2025	1	18	6
	394	187	66.250000	3.500000	1.664391e-04	1.005785e+05	0.000000e+00	8.040579e+00	1.449252e+04	1.449544e+04	1.440065e+04	8.205878e+01	7.884314e-01	2025	1	18	12
	392	188	65.000000	4.000000	1.793091e-04	1.006127e+05	0.000000e+00	9.566208e+00	1.455480e+04	1.456073e+04	1.442679e+04	7.914265e+01	7.945374e-01	2025	1	19	0
	392	188	65.000000	4.000000	1.884004e-04	1.009641e+05	0.000000e+00	8.892088e+00	1.484430e+04	1.484501e+04	1.471408e+04	7.595364e+01	7.526653e-01	2025	1	19	6
	390	189	63.750000	4.500000	1.136286e-04	1.010737e+05	0.000000e+00	6.533269e+00	1.486732e+04	1.486674e+04	1.481388e+04	7.616426e+01	7.382463e-01	2025	1	20	6
start	23	2025	1	16	12
	425	187	85.625000	3.500000	1.906592e-05	1.008667e+05	0.000000e+00	8.942378e+00	1.465522e+04	1.465551e+04	1.463291e+04	8.712257e+01	8.459433e-01	2025	1	16	12
	428	189	87.500000	4.500000	8.029050e-05	1.007448e+05	0.000000e+00	9.639119e+00	1.463021e+04	1.463352e+04	1.456709e+04	8.418157e+01	8.375245e-01	2025	1	17	0
	428	193	87.500000	6.500000	1.360760e-04	1.006870e+05	0.000000e+00	1.191415e+01	1.468005e+04	1.469002e+04	1.451930e+04	8.424892e+01	8.313421e-01	2025	1	17	6
	427	188	86.875000	4.000000	2.047672e-04	1.004964e+05	0.000000e+00	1.161604e+01	1.451934e+04	1.452627e+04	1.436399e+04	7.955962e+01	7.955200e-01	2025	1	17	12
	424	190	85.000000	5.000000	3.017790e-04	1.004880e+05	0.000000e+00	1.472539e+01	1.453197e+04	1.454345e+04	1.431931e+04	8.217732e+01	8.126823e-01	2025	1	18	0
	423	191	84.375000	5.500000	2.192223e-04	1.006936e+05	0.000000e+00	1.276406e+01	1.467835e+04	1.468852e+04	1.452297e+04	8.292375e+01	7.827622e-01	2025	1	18	6
	422	192	83.750000	6.000000	1.989745e-04	1.004766e+05	1.337722e+02	1.198388e+01	1.450823e+04	1.452016e+04	1.435122e+04	8.327583e+01	7.614912e-01	2025	1	18	12
	424	189	85.000000	4.500000	8.396487e-05	1.009143e+05	0.000000e+00	8.318314e+00	1.474099e+04	1.474444e+04	1.467917e+04	8.183966e+01	7.861247e-01	2025	1	19	6
	423	189	84.375000	4.500000	1.408794e-04	1.007363e+05	0.000000e+00	8.988696e+00	1.456498e+04	1.456661e+04	1.449613e+04	7.909176e+01	7.701790e-01	2025	1	19	12
	422	187	83.750000	3.500000	1.222455e-04	1.006892e+05	0.000000e+00	1.014245e+01	1.454009e+04	1.454361e+04	1.449060e+04	7.549337e+01	7.664211e-01	2025	1	20	0
	424	186	85.000000	3.000000	8.684512e-05	1.008584e+05	0.000000e+00	8.488687e+00	1.468360e+04	1.468680e+04	1.465082e+04	7.713465e+01	7.644014e-01	2025	1	20	6
	423	191	84.375000	5.500000	3.255897e-05	1.007000e+05	0.000000e+00	8.736813e+00	1.454895e+04	1.455057e+04	1.451709e+04	8.238813e+01	7.741542e-01	2025	1	21	0
	422	190	83.750000	5.000000	6.597785e-05	1.007394e+05	0.000000e+00	8.736523e+00	1.465522e+04	1.466168e+04	1.456986e+04	7.816857e+01	7.699479e-01	2025	1	21	6
	420	189	82.500000	4.500000	1.098015e-04	1.004652e+05	2.613972e+02	9.482566e+00	1.446599e+04	1.446856e+04	1.433713e+04	8.777628e+01	8.166574e-01	2025	1	21	12
	418	186	81.250000	3.000000	1.569617e-04	1.005027e+05	0.000000e+00	1.003552e+01	1.449917e+04	1.450155e+04	1.437233e+04	8.191005e+01	7.888114e-01	2025	1	22	0
	417	185	80.625000	2.500000	2.166635e-04	1.007402e+05	0.000000e+00	9.176133e+00	1.469941e+04	1.470121e+04	1.457070e+04	7.811029e+01	7.550493e-01	2025	1	22	6
	417	184	80.625000	2.000000	2.039465e-04	1.005863e+05	0.000000e+00	8.556876e+00	1.449236e+04	1.449841e+04	1.438222e+04	8.229817e+01	7.955549e-01	2025	1	22	12
	416	183	80.000000	1.500000	2.555321e-04	1.006073e+05	0.000000e+00	9.509813e+00	1.452950e+04	1.453361e+04	1.439313e+04	8.223499e+01	8.246160e-01	2025	1	23	0
	417	183	80.625000	1.500000	2.403717e-04	1.007432e+05	0.000000e+00	8.403091e+00	1.467228e+04	1.467545e+04	1.454609e+04	8.458546e+01	8.380948e-01	2025	1	23	6
	417	183	80.625000	1.500000	2.322432e-04	1.004523e+05	0.000000e+00	9.870431e+00	1.446734e+04	1.447333e+04	1.431108e+04	8.942034e+01	8.482310e-01	2025	1	23	12
	417	184	80.625000	2.000000	3.001502e-04	1.004222e+05	0.000000e+00	1.107333e+01	1.441212e+04	1.441649e+04	1.425887e+04	8.852820e+01	8.096719e-01	2025	1	24	0
	418	185	81.250000	2.500000	2.350148e-04	1.008070e+05	0.000000e+00	9.916629e+00	1.466914e+04	1.467276e+04	1.459766e+04	8.483116e+01	7.713532e-01	2025	1	24	6
	418	185	81.250000	2.500000	2.388941e-04	1.006207e+05	0.000000e+00	1.053875e+01	1.452335e+04	1.452372e+04	1.443581e+04	8.499569e+01	8.041571e-01	2025	1	24	12
start	8	2025	1	18	0
	440	190	95.000000	5.000000	1.985711e-04	1.008185e+05	1.194171e+04	1.015489e+01	1.467906e+04	1.467933e+04	1.459944e+04	8.608191e+01	8.030940e-01	2025	1	18	0
	438	191	93.750000	5.500000	1.839105e-04	1.007985e+05	5.033709e+03	9.622508e+00	1.470369e+04	1.470736e+04	1.459448e+04	7.760229e+01	7.285237e-01	2025	1	18	6
	436	190	92.500000	5.000000	2.221287e-04	1.006695e+05	2.133470e+01	1.026026e+01	1.460651e+04	1.460749e+04	1.447241e+04	8.231065e+01	7.638102e-01	2025	1	19	0
	436	189	92.500000	4.500000	2.335844e-04	1.007320e+05	0.000000e+00	9.511963e+00	1.467838e+04	1.468388e+04	1.453926e+04	8.125120e+01	7.525041e-01	2025	1	19	6
	436	189	92.500000	4.500000	2.771659e-04	1.004960e+05	0.000000e+00	1.029757e+01	1.457881e+04	1.458438e+04	1.436882e+04	7.897951e+01	7.353322e-01	2025	1	19	12
	435	188	91.875000	4.000000	2.716910e-04	1.005944e+05	0.000000e+00	1.102702e+01	1.465724e+04	1.466027e+04	1.446831e+04	7.632029e+01	7.197352e-01	2025	1	20	6
	435	188	91.875000	4.000000	2.436890e-04	1.005214e+05	0.000000e+00	1.018996e+01	1.455974e+04	1.456187e+04	1.441185e+04	7.842262e+01	7.263495e-01	2025	1	20	12
	436	188	92.500000	4.000000	3.236524e-04	1.005543e+05	0.000000e+00	1.124503e+01	1.459544e+04	1.459736e+04	1.440760e+04	7.639778e+01	7.381614e-01	2025	1	21	0
start	7	2025	1	19	0
	417	192	80.625000	6.000000	2.952209e-04	1.006193e+05	6.685709e+03	1.023353e+01	1.455261e+04	1.455882e+04	1.437303e+04	8.130090e+01	7.473598e-01	2025	1	19	0
	416	192	80.000000	6.000000	2.675093e-04	1.008299e+05	6.685709e+03	1.227168e+01	1.478027e+04	1.478733e+04	1.460151e+04	7.897958e+01	7.525113e-01	2025	1	19	6
	414	191	78.750000	5.500000	2.188060e-04	1.006232e+05	1.213210e+03	1.243987e+01	1.458247e+04	1.458869e+04	1.444043e+04	7.897401e+01	7.494515e-01	2025	1	19	12
	413	189	78.125000	4.500000	2.082901e-04	1.006254e+05	3.972015e-01	1.263517e+01	1.454699e+04	1.455074e+04	1.443370e+04	8.009740e+01	7.280882e-01	2025	1	20	0
	413	186	78.125000	3.000000	1.590935e-04	1.008251e+05	0.000000e+00	1.254774e+01	1.473431e+04	1.473805e+04	1.465584e+04	7.677490e+01	7.148973e-01	2025	1	20	6
	413	184	78.125000	2.000000	1.629343e-04	1.006039e+05	0.000000e+00	1.127400e+01	1.451970e+04	1.452285e+04	1.444977e+04	7.688223e+01	7.289317e-01	2025	1	20	12
	413	181	78.125000	0.500000	2.544709e-04	1.004650e+05	0.000000e+00	1.114936e+01	1.449621e+04	1.450696e+04	1.432231e+04	7.956972e+01	7.433874e-01	2025	1	21	0
start	5	2025	1	20	0
	216	186	-45.000000	3.000000	4.014185e-05	1.013504e+05	0.000000e+00	7.511668e+00	1.501939e+04	1.501928e+04	1.498903e+04	8.554947e+01	7.760494e-01	2025	1	20	0
	216	184	-45.000000	2.000000	8.381531e-05	1.010255e+05	0.000000e+00	1.005418e+01	1.479825e+04	1.480061e+04	1.470229e+04	8.365988e+01	7.811747e-01	2025	1	20	6
	215	183	-45.625000	1.500000	7.710532e-05	1.013229e+05	0.000000e+00	9.264382e+00	1.502666e+04	1.502535e+04	1.497012e+04	8.135259e+01	7.923976e-01	2025	1	20	12
	214	181	-46.250000	0.500000	6.461665e-05	1.012501e+05	2.812332e+02	7.173652e+00	1.494272e+04	1.494398e+04	1.491606e+04	7.657982e+01	7.954153e-01	2025	1	21	0
	211	183	-48.125000	1.500000	6.264769e-05	1.013564e+05	6.677220e+01	6.477551e+00	1.500614e+04	1.500649e+04	1.499600e+04	7.516180e+01	7.936065e-01	2025	1	21	12
start	4	2025	1	20	12
	554	182	166.250000	1.000000	5.549996e-05	1.007547e+05	7.097015e-01	1.006938e+01	1.462915e+04	1.463014e+04	1.458441e+04	7.887659e+01	7.850093e-01	2025	1	20	12
	552	186	165.000000	3.000000	9.132217e-05	1.007406e+05	0.000000e+00	9.096662e+00	1.464902e+04	1.465487e+04	1.457137e+04	8.349710e+01	7.877760e-01	2025	1	21	0
	549	186	163.125000	3.000000	9.271879e-05	1.005125e+05	1.845970e+01	9.366915e+00	1.447870e+04	1.448392e+04	1.439636e+04	8.111887e+01	7.556103e-01	2025	1	21	6
	550	188	163.750000	4.000000	9.327711e-05	1.007896e+05	1.845970e+01	1.107821e+01	1.472750e+04	1.473089e+04	1.463535e+04	8.183300e+01	6.857991e-01	2025	1	21	12
start	4	2025	1	21	0
	91	187	-123.125000	3.500000	1.819416e-05	1.008574e+05	0.000000e+00	8.084888e+00	1.460366e+04	1.460741e+04	1.455695e+04	7.967418e+01	7.714900e-01	2025	1	21	0
	88	189	-125.000000	4.500000	1.763491e-04	1.009237e+05	0.000000e+00	9.077166e+00	1.464675e+04	1.464782e+04	1.458253e+04	8.918350e+01	8.201259e-01	2025	1	22	0
	85	189	-126.875000	4.500000	1.709035e-04	1.013236e+05	0.000000e+00	9.405201e+00	1.498517e+04	1.498509e+04	1.491141e+04	8.680945e+01	7.900676e-01	2025	1	22	6
	82	189	-128.750000	4.500000	1.457629e-04	1.010180e+05	0.000000e+00	9.519554e+00	1.470063e+04	1.469959e+04	1.466331e+04	8.692422e+01	8.079583e-01	2025	1	22	12
start	7	2025	1	21	0
	102	191	-116.250000	5.500000	5.238933e-05	1.008871e+05	0.000000e+00	9.025420e+00	1.465891e+04	1.466106e+04	1.460856e+04	8.597289e+01	8.184880e-01	2025	1	21	0
	99	190	-118.125000	5.000000	1.041261e-04	1.012079e+05	0.000000e+00	1.000577e+01	1.494329e+04	1.494865e+04	1.487370e+04	8.639663e+01	8.213828e-01	2025	1	21	6
	98	190	-118.750000	5.000000	1.528750e-04	1.010186e+05	0.000000e+00	1.167924e+01	1.476705e+04	1.477108e+04	1.468949e+04	8.793589e+01	8.092107e-01	2025	1	21	12
	102	189	-116.250000	4.500000	7.813613e-05	1.009252e+05	0.000000e+00	7.575815e+00	1.464527e+04	1.464746e+04	1.460601e+04	8.491328e+01	7.947534e-01	2025	1	22	0
	100	189	-117.500000	4.500000	6.088605e-05	1.013174e+05	0.000000e+00	7.223513e+00	1.497178e+04	1.497256e+04	1.492877e+04	8.779864e+01	8.340453e-01	2025	1	22	6
	98	189	-118.750000	4.500000	1.002520e-04	1.010285e+05	0.000000e+00	8.547668e+00	1.472668e+04	1.472870e+04	1.468377e+04	8.825409e+01	8.528607e-01	2025	1	22	12
	94	188	-121.250000	4.000000	5.293067e-05	1.009857e+05	0.000000e+00	6.397732e+00	1.465578e+04	1.465702e+04	1.464160e+04	8.814305e+01	8.394080e-01	2025	1	23	0
start	14	2025	1	22	6
	436	187	92.500000	3.500000	8.304726e-05	1.007993e+05	0.000000e+00	6.818997e+00	1.466287e+04	1.466669e+04	1.462984e+04	7.830775e+01	7.468632e-01	2025	1	22	6
	435	187	91.875000	3.500000	9.749296e-05	1.006882e+05	0.000000e+00	7.135311e+00	1.456532e+04	1.456643e+04	1.453476e+04	8.280355e+01	7.788900e-01	2025	1	22	12
	433	187	90.625000	3.500000	1.609927e-04	1.004830e+05	0.000000e+00	8.928109e+00	1.451687e+04	1.452376e+04	1.437722e+04	8.488434e+01	8.111773e-01	2025	1	23	0
	432	188	90.000000	4.000000	2.719247e-04	1.005601e+05	0.000000e+00	1.005108e+01	1.460775e+04	1.461158e+04	1.446148e+04	8.493176e+01	7.987138e-01	2025	1	23	6
	432	189	90.000000	4.500000	2.755942e-04	1.004207e+05	0.000000e+00	1.091230e+01	1.450166e+04	1.450795e+04	1.435087e+04	8.800853e+01	8.100730e-01	2025	1	23	12
	430	190	88.750000	5.000000	2.988483e-04	1.002934e+05	0.000000e+00	1.254107e+01	1.441912e+04	1.442439e+04	1.421065e+04	8.578258e+01	7.819759e-01	2025	1	24	0
	428	191	87.500000	5.500000	2.369600e-04	1.006852e+05	0.000000e+00	1.091194e+01	1.464451e+04	1.464816e+04	1.452578e+04	7.961342e+01	7.302409e-01	2025	1	24	6
	426	192	86.250000	6.000000	2.118789e-04	1.005727e+05	0.000000e+00	1.118675e+01	1.454051e+04	1.454551e+04	1.443437e+04	8.481856e+01	7.613695e-01	2025	1	24	12
	423	193	84.375000	6.500000	1.717648e-04	1.006349e+05	0.000000e+00	1.142050e+01	1.454638e+04	1.455086e+04	1.442892e+04	8.629348e+01	7.870877e-01	2025	1	25	0
	422	193	83.750000	6.500000	1.757056e-04	1.007924e+05	3.306160e+02	1.138576e+01	1.470679e+04	1.471101e+04	1.459943e+04	8.581290e+01	7.541465e-01	2025	1	25	6
	420	192	82.500000	6.000000	1.913559e-04	1.005064e+05	3.919710e+03	1.313252e+01	1.451022e+04	1.451738e+04	1.433539e+04	8.457615e+01	7.478777e-01	2025	1	25	12
	418	190	81.250000	5.000000	1.747026e-04	1.006294e+05	3.919710e+03	1.070000e+01	1.459288e+04	1.459526e+04	1.445818e+04	8.369776e+01	7.283434e-01	2025	1	26	0
	417	189	80.625000	4.500000	1.911479e-04	1.008604e+05	5.959597e+02	9.710643e+00	1.469597e+04	1.469455e+04	1.462496e+04	7.914094e+01	6.797115e-01	2025	1	26	6
	416	188	80.000000	4.000000	1.332376e-04	1.005757e+05	1.920970e+01	1.172504e+01	1.448446e+04	1.448678e+04	1.438950e+04	7.595425e+01	7.077202e-01	2025	1	26	12
start	5	2025	1	22	6
	22	194	-166.250000	7.000000	9.789989e-05	1.009038e+05	0.000000e+00	1.028623e+01	1.469222e+04	1.469527e+04	1.463303e+04	9.101456e+01	8.586791e-01	2025	1	22	6
	22	193	-166.250000	6.500000	1.081116e-04	1.008239e+05	0.000000e+00	1.084171e+01	1.467163e+04	1.467979e+04	1.456209e+04	9.046595e+01	9.007486e-01	2025	1	22	12
	21	194	-166.875000	7.000000	1.239306e-04	1.008699e+05	0.000000e+00	1.236853e+01	1.471807e+04	1.471624e+04	1.462783e+04	8.710237e+01	8.305733e-01	2025	1	23	0
	20	193	-167.500000	6.500000	1.478651e-04	1.009102e+05	0.000000e+00	1.083907e+01	1.470896e+04	1.470838e+04	1.466183e+04	8.084015e+01	7.539245e-01	2025	1	23	6
	18	193	-168.750000	6.500000	1.074811e-04	1.008503e+05	0.000000e+00	9.967806e+00	1.468612e+04	1.468655e+04	1.461180e+04	8.896825e+01	8.325750e-01	2025	1	23	12
start	4	2025	1	23	0
	104	185	-115.000000	2.500000	3.577324e-05	1.010150e+05	0.000000e+00	5.208598e+00	1.465728e+04	1.465866e+04	1.464654e+04	8.490663e+01	8.133267e-01	2025	1	23	0
	106	190	-113.750000	5.000000	1.698254e-04	1.009391e+05	0.000000e+00	7.250369e+00	1.466128e+04	1.466354e+04	1.459775e+04	8.275111e+01	8.298211e-01	2025	1	24	0
	105	189	-114.375000	4.500000	1.659645e-04	1.011406e+05	0.000000e+00	6.489293e+00	1.485177e+04	1.485554e+04	1.479674e+04	8.135900e+01	8.340008e-01	2025	1	24	6
	104	190	-115.000000	5.000000	1.082498e-04	1.008765e+05	0.000000e+00	7.307759e+00	1.459727e+04	1.460085e+04	1.453688e+04	8.391502e+01	8.599057e-01	2025	1	24	12
start	4	2025	1	23	0
	407	190	74.375000	5.000000	3.499631e-05	1.008468e+05	3.972015e-01	5.424950e+00	1.457275e+04	1.457372e+04	1.454708e+04	8.051237e+01	7.868897e-01	2025	1	23	0
	407	189	74.375000	4.500000	4.858082e-05	1.010175e+05	2.722015e-01	4.215818e+00	1.473067e+04	1.473306e+04	1.469687e+04	8.033574e+01	8.079655e-01	2025	1	23	6
	404	186	72.500000	3.000000	5.603761e-05	1.007315e+05	2.722015e-01	4.919333e+00	1.444420e+04	1.444649e+04	1.441879e+04	8.601434e+01	8.219481e-01	2025	1	24	0
	404	186	72.500000	3.000000	4.331048e-05	1.009006e+05	2.722015e-01	5.373487e+00	1.465631e+04	1.466100e+04	1.460428e+04	8.491179e+01	8.082040e-01	2025	1	24	6
start	4	2025	1	23	0
	568	190	175.000000	5.000000	7.701255e-05	1.007374e+05	0.000000e+00	1.093601e+01	1.459274e+04	1.459269e+04	1.452996e+04	8.511072e+01	7.819023e-01	2025	1	23	0
	565	188	173.125000	4.000000	7.824136e-05	1.006801e+05	2.722015e-01	1.066491e+01	1.452740e+04	1.452882e+04	1.448738e+04	8.519736e+01	7.744088e-01	2025	1	23	6
	562	188	171.250000	4.000000	1.148657e-04	1.007313e+05	1.472015e-01	1.062831e+01	1.461972e+04	1.462482e+04	1.453771e+04	8.407141e+01	7.588080e-01	2025	1	23	12
	561	189	170.625000	4.500000	5.108315e-05	1.006444e+05	8.470154e-02	1.041351e+01	1.455644e+04	1.455825e+04	1.449128e+04	8.642883e+01	8.057435e-01	2025	1	24	12
start	8	2025	1	23	6
	88	191	-125.000000	5.500000	3.568762e-05	1.013279e+05	0.000000e+00	8.610224e+00	1.496072e+04	1.496221e+04	1.492787e+04	9.323840e+01	8.951994e-01	2025	1	23	6
	87	192	-125.625000	6.000000	6.763027e-05	1.009598e+05	0.000000e+00	9.678554e+00	1.471159e+04	1.471490e+04	1.463857e+04	9.209635e+01	8.993179e-01	2025	1	23	12
	84	192	-127.500000	6.000000	4.239390e-05	1.008956e+05	0.000000e+00	9.868670e+00	1.461579e+04	1.461767e+04	1.457389e+04	9.151957e+01	8.980906e-01	2025	1	24	0
	82	190	-128.750000	5.000000	8.506228e-05	1.011704e+05	0.000000e+00	8.970269e+00	1.485863e+04	1.485852e+04	1.481767e+04	9.451501e+01	9.126856e-01	2025	1	24	6
	81	190	-129.375000	5.000000	1.627594e-04	1.007280e+05	0.000000e+00	9.813777e+00	1.453157e+04	1.453630e+04	1.447371e+04	9.367862e+01	9.256788e-01	2025	1	24	12
	78	190	-131.250000	5.000000	1.994017e-04	1.005793e+05	0.000000e+00	9.698738e+00	1.443270e+04	1.443602e+04	1.433367e+04	9.597416e+01	9.529886e-01	2025	1	25	0
	81	191	-129.375000	5.500000	1.746105e-04	1.009312e+05	0.000000e+00	8.629969e+00	1.471728e+04	1.472237e+04	1.463364e+04	9.228612e+01	8.546691e-01	2025	1	25	6
	80	191	-130.000000	5.500000	1.564089e-04	1.006617e+05	0.000000e+00	8.236070e+00	1.449375e+04	1.449321e+04	1.439424e+04	9.433292e+01	8.893901e-01	2025	1	25	12
start	6	2025	1	23	6
	546	193	161.250000	6.500000	1.315796e-04	1.005157e+05	2.220154e-02	1.098203e+01	1.447661e+04	1.448142e+04	1.440257e+04	8.759766e+01	8.631083e-01	2025	1	23	6
	547	192	161.875000	6.000000	5.207076e-05	1.007462e+05	1.845970e+01	1.232668e+01	1.469757e+04	1.470172e+04	1.460622e+04	9.070530e+01	8.617885e-01	2025	1	23	12
	543	190	159.375000	5.000000	1.411708e-04	1.006453e+05	7.027220e+01	1.215393e+01	1.462375e+04	1.462689e+04	1.451603e+04	8.553597e+01	8.425755e-01	2025	1	24	0
	543	189	159.375000	4.500000	1.812224e-04	1.002798e+05	2.220154e-02	1.211642e+01	1.437132e+04	1.437682e+04	1.421495e+04	8.528643e+01	7.882702e-01	2025	1	24	6
	542	188	158.750000	4.000000	1.935042e-04	1.006135e+05	2.220154e-02	1.079315e+01	1.459125e+04	1.459198e+04	1.447832e+04	8.107378e+01	7.253389e-01	2025	1	24	12
	542	187	158.750000	3.500000	6.576982e-05	1.004209e+05	0.000000e+00	9.094685e+00	1.439322e+04	1.439676e+04	1.430758e+04	7.787883e+01	7.684113e-01	2025	1	25	6
start	6	2025	1	24	0
	502	197	133.750000	8.500000	7.711884e-05	1.008458e+05	7.027220e+01	9.504852e+00	1.477301e+04	1.477568e+04	1.466431e+04	7.603621e+01	7.618411e-01	2025	1	24	0
	500	198	132.500000	9.000000	1.324223e-04	1.005445e+05	0.000000e+00	8.591350e+00	1.452488e+04	1.452201e+04	1.444132e+04	7.515564e+01	7.407907e-01	2025	1	24	6
	504	196	135.000000	8.000000	9.665191e-05	1.004676e+05	7.027220e+01	1.053829e+01	1.444962e+04	1.445005e+04	1.437043e+04	7.988199e+01	7.336718e-01	2025	1	25	6
	504	190	135.000000	5.000000	1.067375e-04	1.004388e+05	2.220154e-02	6.430995e+00	1.436489e+04	1.436153e+04	1.431850e+04	7.927721e+01	7.270675e-01	2025	1	26	6
	502	190	133.750000	5.000000	1.095795e-04	1.006704e+05	2.722015e-01	7.125382e+00	1.456406e+04	1.456351e+04	1.452746e+04	7.853920e+01	7.379598e-01	2025	1	26	12
	500	189	132.500000	4.500000	1.146703e-04	1.006763e+05	8.470154e-02	7.884137e+00	1.457966e+04	1.458038e+04	1.453269e+04	7.563043e+01	7.247117e-01	2025	1	27	0
start	11	2025	1	26	0
	436	189	92.500000	4.500000	1.935085e-04	1.004305e+05	0.000000e+00	1.121290e+01	1.449066e+04	1.450708e+04	1.432802e+04	8.342739e+01	7.922679e-01	2025	1	26	0
	434	189	91.250000	4.500000	2.489814e-04	1.005089e+05	0.000000e+00	1.093333e+01	1.460837e+04	1.461622e+04	1.441920e+04	8.397352e+01	7.478926e-01	2025	1	26	6
	434	189	91.250000	4.500000	3.038928e-04	1.002050e+05	0.000000e+00	1.318689e+01	1.440780e+04	1.441736e+04	1.416155e+04	8.490143e+01	7.358219e-01	2025	1	26	12
	430	191	88.750000	5.500000	3.411113e-04	1.002567e+05	0.000000e+00	1.490697e+01	1.441153e+04	1.442116e+04	1.414837e+04	8.258122e+01	6.900828e-01	2025	1	27	0
	428	190	87.500000	5.000000	3.354708e-04	1.004643e+05	0.000000e+00	1.453403e+01	1.456446e+04	1.457545e+04	1.432915e+04	8.812068e+01	7.539983e-01	2025	1	27	6
	426	191	86.250000	5.500000	3.178837e-04	1.003360e+05	0.000000e+00	1.246209e+01	1.441021e+04	1.442282e+04	1.419731e+04	8.552591e+01	7.613905e-01	2025	1	27	12
	426	193	86.250000	6.500000	2.452127e-04	1.004299e+05	0.000000e+00	1.109852e+01	1.445720e+04	1.446730e+04	1.430855e+04	8.986351e+01	8.519126e-01	2025	1	28	0
	425	193	85.625000	6.500000	2.142162e-04	1.007366e+05	0.000000e+00	1.097026e+01	1.470452e+04	1.471303e+04	1.458181e+04	8.941984e+01	8.486231e-01	2025	1	28	6
	424	194	85.000000	7.000000	2.336704e-04	1.005595e+05	0.000000e+00	1.130328e+01	1.458265e+04	1.459161e+04	1.443374e+04	8.765906e+01	8.471180e-01	2025	1	28	12
	426	198	86.250000	9.000000	2.205375e-04	1.009718e+05	0.000000e+00	9.874040e+00	1.490113e+04	1.490445e+04	1.475602e+04	8.406850e+01	8.154594e-01	2025	1	29	6
	425	198	85.625000	9.000000	1.394443e-04	1.007949e+05	0.000000e+00	9.009292e+00	1.469050e+04	1.469270e+04	1.461283e+04	8.260489e+01	8.210233e-01	2025	1	29	12
start	5	2025	1	26	0
	98	196	-118.750000	8.000000	3.903329e-05	1.008301e+05	0.000000e+00	7.037122e+00	1.460073e+04	1.460164e+04	1.456742e+04	8.568051e+01	8.490260e-01	2025	1	26	0
	96	197	-120.000000	8.500000	9.719862e-05	1.011380e+05	0.000000e+00	9.156720e+00	1.493654e+04	1.494185e+04	1.483420e+04	8.300846e+01	8.116601e-01	2025	1	26	6
	95	198	-120.625000	9.000000	1.647301e-04	1.009478e+05	0.000000e+00	9.147696e+00	1.478809e+04	1.478773e+04	1.466719e+04	8.574884e+01	8.350728e-01	2025	1	26	12
	96	195	-120.000000	7.500000	1.731871e-04	1.011926e+05	0.000000e+00	1.032825e+01	1.498357e+04	1.498533e+04	1.487473e+04	8.587915e+01	8.311748e-01	2025	1	27	6
	96	192	-120.000000	6.000000	1.268307e-04	1.009122e+05	0.000000e+00	8.061840e+00	1.460849e+04	1.461168e+04	1.456601e+04	8.905279e+01	8.586986e-01	2025	1	28	0
start	5	2025	1	26	12
	124	188	-102.500000	4.000000	1.164828e-05	1.010309e+05	0.000000e+00	8.209513e+00	1.472498e+04	1.472723e+04	1.470327e+04	9.380162e+01	9.224483e-01	2025	1	26	12
	125	188	-101.875000	4.000000	4.539209e-05	1.009352e+05	0.000000e+00	7.972515e+00	1.468376e+04	1.468565e+04	1.465033e+04	9.181473e+01	8.897096e-01	2025	1	27	12
	121	189	-104.375000	4.500000	1.248287e-04	1.011117e+05	0.000000e+00	7.666293e+00	1.484745e+04	1.485035e+04	1.479872e+04	9.447974e+01	8.982243e-01	2025	1	28	6
	120	190	-105.000000	5.000000	1.321483e-04	1.008395e+05	0.000000e+00	7.368842e+00	1.461672e+04	1.462108e+04	1.455045e+04	9.334562e+01	9.055396e-01	2025	1	28	12
	117	189	-106.875000	4.500000	1.172285e-04	1.008475e+05	0.000000e+00	6.637870e+00	1.457549e+04	1.457712e+04	1.454542e+04	9.271957e+01	9.149464e-01	2025	1	29	0
start	4	2025	1	26	12
	549	191	163.125000	5.500000	1.246136e-05	1.007273e+05	1.845970e+01	9.018686e+00	1.460828e+04	1.461039e+04	1.457081e+04	8.378645e+01	7.779645e-01	2025	1	26	12
	548	193	162.500000	6.500000	5.063741e-05	1.007861e+05	1.845970e+01	1.051088e+01	1.470872e+04	1.471404e+04	1.464892e+04	8.058423e+01	7.765985e-01	2025	1	27	12
	547	190	161.875000	5.000000	1.104478e-04	1.008019e+05	1.845970e+01	1.189238e+01	1.474341e+04	1.474476e+04	1.464938e+04	8.953828e+01	8.653917e-01	2025	1	28	0
	547	188	161.875000	4.000000	2.851291e-05	1.005225e+05	1.845970e+01	1.052041e+01	1.454073e+04	1.453850e+04	1.439743e+04	8.648200e+01	8.289703e-01	2025	1	28	6
start	5	2025	1	27	6
	404	187	72.500000	3.500000	1.000110e-04	1.009341e+05	2.722015e-01	5.696671e+00	1.472520e+04	1.472870e+04	1.465807e+04	8.019841e+01	7.854223e-01	2025	1	27	6
	407	187	74.375000	3.500000	1.156091e-04	1.007211e+05	2.722015e-01	7.142274e+00	1.450044e+04	1.450146e+04	1.445258e+04	8.275891e+01	7.409031e-01	2025	1	27	12
	405	187	73.125000	3.500000	1.497849e-04	1.007117e+05	2.722015e-01	6.263977e+00	1.452512e+04	1.452723e+04	1.445382e+04	7.640144e+01	6.590270e-01	2025	1	28	0
	406	187	73.750000	3.500000	1.404164e-04	1.009509e+05	2.722015e-01	7.910042e+00	1.477033e+04	1.477176e+04	1.472528e+04	7.759497e+01	6.866987e-01	2025	1	28	6
	408	186	75.000000	3.000000	1.124665e-04	1.007569e+05	2.722015e-01	7.988904e+00	1.456695e+04	1.456916e+04	1.453272e+04	7.945102e+01	6.728802e-01	2025	1	28	12
start	4	2025	1	28	12
	524	189	147.500000	4.500000	2.775643e-05	1.009559e+05	2.220154e-02	8.912964e+00	1.481042e+04	1.481426e+04	1.477383e+04	7.795938e+01	7.255559e-01	2025	1	28	12
	526	185	148.750000	2.500000	1.217099e-04	1.005552e+05	0.000000e+00	9.113018e+00	1.444802e+04	1.444906e+04	1.439105e+04	7.794035e+01	7.341185e-01	2025	1	29	6
	529	189	150.625000	4.500000	4.755766e-05	1.007155e+05	2.220154e-02	9.270985e+00	1.465264e+04	1.465536e+04	1.457226e+04	8.308385e+01	7.513311e-01	2025	1	29	12
	526	188	148.750000	4.000000	1.002678e-04	1.007621e+05	0.000000e+00	1.107373e+01	1.464080e+04	1.464058e+04	1.459570e+04	8.121506e+01	7.979408e-01	2025	1	30	0
start	8	2025	1	29	6
	558	190	168.750000	5.000000	1.002495e-04	1.005022e+05	8.470154e-02	1.019862e+01	1.440414e+04	1.440721e+04	1.434435e+04	8.603770e+01	8.130370e-01	2025	1	29	6
	556	190	167.500000	5.000000	1.104915e-04	1.006120e+05	8.470154e-02	1.032950e+01	1.455744e+04	1.456122e+04	1.448004e+04	9.000827e+01	8.480822e-01	2025	1	29	12
	558	189	168.750000	4.500000	1.263230e-04	1.005058e+05	8.470154e-02	1.070362e+01	1.445015e+04	1.445403e+04	1.438031e+04	9.061238e+01	8.555625e-01	2025	1	30	0
	556	189	167.500000	4.500000	1.202466e-04	1.003819e+05	8.470154e-02	1.027828e+01	1.434107e+04	1.434561e+04	1.425705e+04	8.946871e+01	8.808697e-01	2025	1	30	6
	554	189	166.250000	4.500000	1.740218e-04	1.005518e+05	2.220154e-02	1.022662e+01	1.450686e+04	1.451241e+04	1.440260e+04	9.284323e+01	8.497033e-01	2025	1	30	12
	551	190	164.375000	5.000000	1.978183e-04	1.006215e+05	1.845970e+01	1.137394e+01	1.457271e+04	1.457480e+04	1.446169e+04	8.639182e+01	7.993644e-01	2025	1	31	0
	548	192	162.500000	6.000000	2.092590e-04	1.004673e+05	1.845970e+01	1.070188e+01	1.444050e+04	1.444328e+04	1.431383e+04	8.296795e+01	7.660561e-01	2025	1	31	6
	545	192	160.625000	6.000000	1.522476e-04	1.007745e+05	2.220154e-02	1.066313e+01	1.463188e+04	1.463495e+04	1.455926e+04	7.715738e+01	7.094951e-01	2025	1	31	12
