start	8	2025	1	1	0
	68	132	-137.500000	-24.000000	-2.245198e-04	1.009247e+05	2.220154e-02	1.149486e+01	1.482323e+04	1.482568e+04	1.464427e+04	8.110000e+01	7.778335e-01	2025	1	1	0
	69	131	-136.875000	-24.500000	-1.948349e-04	1.011580e+05	2.220154e-02	9.668081e+00	1.501458e+04	1.501645e+04	1.485837e+04	8.141468e+01	7.700046e-01	2025	1	1	6
	69	131	-136.875000	-24.500000	-2.044771e-04	1.009958e+05	2.220154e-02	1.019962e+01	1.484293e+04	1.484314e+04	1.470022e+04	8.201882e+01	7.839704e-01	2025	1	1	12
	70	130	-136.250000	-25.000000	-1.956706e-04	1.010015e+05	2.220154e-02	1.014900e+01	1.484364e+04	1.484668e+04	1.469207e+04	8.642330e+01	7.761805e-01	2025	1	2	0
	71	129	-135.625000	-25.500000	-1.632375e-04	1.012957e+05	0.000000e+00	1.102305e+01	1.502684e+04	1.503026e+04	1.489489e+04	8.360788e+01	7.607216e-01	2025	1	2	6
	71	128	-135.625000	-26.000000	-1.527363e-04	1.011173e+05	0.000000e+00	9.284860e+00	1.487828e+04	1.488234e+04	1.477195e+04	7.902563e+01	7.697442e-01	2025	1	2	12
	74	127	-133.750000	-26.500000	-1.306534e-04	1.013088e+05	0.000000e+00	8.651045e+00	1.497725e+04	1.498285e+04	1.488240e+04	7.834057e+01	7.730196e-01	2025	1	3	0
	76	123	-132.500000	-28.500000	-3.606786e-05	1.015516e+05	0.000000e+00	8.377760e+00	1.514333e+04	1.515170e+04	1.507615e+04	7.682025e+01	7.336189e-01	2025	1	3	6
start	9	2025	1	1	0
	424	144	85.000000	-18.000000	-1.758959e-04	1.005291e+05	0.000000e+00	1.033811e+01	1.457944e+04	1.459197e+04	1.436414e+04	9.326804e+01	8.721451e-01	2025	1	1	0
	423	144	84.375000	-18.000000	-1.686218e-04	1.005947e+05	0.000000e+00	9.731127e+00	1.461700e+04	1.463020e+04	1.441485e+04	9.136868e+01	8.333513e-01	2025	1	1	6
	421	144	83.125000	-18.000000	-1.638879e-04	1.004893e+05	0.000000e+00	1.043673e+01	1.452010e+04	1.453215e+04	1.433205e+04	9.461210e+01	8.358821e-01	2025	1	1	12
	418	146	81.250000	-17.000000	-1.321885e-04	1.005688e+05	0.000000e+00	1.077690e+01	1.458061e+04	1.459405e+04	1.442027e+04	8.893859e+01	8.034239e-01	2025	1	2	0
	416	147	80.000000	-16.500000	-1.165891e-04	1.006986e+05	0.000000e+00	9.788543e+00	1.466810e+04	1.467869e+04	1.454419e+04	8.463364e+01	7.382861e-01	2025	1	2	6
	415	148	79.375000	-16.000000	-1.052190e-04	1.004876e+05	0.000000e+00	9.966996e+00	1.447543e+04	1.448711e+04	1.436188e+04	8.405848e+01	7.198479e-01	2025	1	2	12
	412	148	77.500000	-16.000000	-9.240655e-05	1.007387e+05	0.000000e+00	8.550082e+00	1.463947e+04	1.464695e+04	1.455275e+04	8.534375e+01	7.589157e-01	2025	1	3	0
	411	148	76.875000	-16.000000	-7.757033e-05	1.008664e+05	0.000000e+00	8.151564e+00	1.472700e+04	1.473293e+04	1.466515e+04	8.058305e+01	7.325627e-01	2025	1	3	6
	412	153	77.500000	-13.500000	-6.264206e-05	1.006359e+05	0.000000e+00	8.274011e+00	1.452825e+04	1.453229e+04	1.445389e+04	7.599764e+01	6.561839e-01	2025	1	3	12
start	9	2025	1	1	0
	460	153	107.500000	-13.500000	-2.546375e-04	1.001979e+05	0.000000e+00	1.159042e+01	1.447129e+04	1.449548e+04	1.421210e+04	8.756799e+01	8.305492e-01	2025	1	1	0
	459	152	106.875000	-14.000000	-2.621731e-04	1.001159e+05	0.000000e+00	1.309244e+01	1.441600e+04	1.443449e+04	1.413811e+04	8.969783e+01	8.351719e-01	2025	1	1	6
	458	153	106.250000	-13.500000	-3.647076e-04	9.988373e+04	0.000000e+00	1.533928e+01	1.442779e+04	1.445348e+04	1.390935e+04	8.425003e+01	7.963679e-01	2025	1	1	12
	456	151	105.000000	-14.500000	-2.111921e-04	1.002546e+05	0.000000e+00	1.259074e+01	1.449700e+04	1.451751e+04	1.422730e+04	8.436665e+01	7.725338e-01	2025	1	2	0
	453	151	103.125000	-14.500000	-1.882113e-04	1.003164e+05	0.000000e+00	1.195009e+01	1.450076e+04	1.451807e+04	1.428027e+04	9.156443e+01	7.894710e-01	2025	1	2	6
	450	151	101.250000	-14.500000	-2.214939e-04	1.002705e+05	0.000000e+00	1.199802e+01	1.450311e+04	1.452249e+04	1.423022e+04	8.863362e+01	7.738179e-01	2025	1	2	12
	449	152	100.625000	-14.000000	-3.244233e-04	1.002632e+05	0.000000e+00	1.387645e+01	1.453185e+04	1.454387e+04	1.423251e+04	8.203634e+01	7.879481e-01	2025	1	3	0
	448	150	100.000000	-15.000000	-2.118479e-04	1.004230e+05	0.000000e+00	1.087353e+01	1.456234e+04	1.457701e+04	1.434932e+04	8.474290e+01	8.004498e-01	2025	1	3	6
	446	149	98.750000	-15.500000	-1.580832e-04	1.004721e+05	0.000000e+00	1.045323e+01	1.457549e+04	1.458977e+04	1.440653e+04	8.986590e+01	8.179862e-01	2025	1	3	12
start	6	2025	1	1	0
	26	156	-163.750000	-12.000000	-1.138922e-04	1.009105e+05	2.220154e-02	7.925123e+00	1.476834e+04	1.476902e+04	1.469572e+04	8.558036e+01	8.437529e-01	2025	1	1	0
	24	155	-165.000000	-12.500000	-1.273030e-04	1.009410e+05	2.220154e-02	7.320005e+00	1.481734e+04	1.481983e+04	1.473141e+04	8.628430e+01	8.279839e-01	2025	1	1	6
	22	155	-166.250000	-12.500000	-1.319099e-04	1.009322e+05	2.220154e-02	7.698916e+00	1.479377e+04	1.479497e+04	1.473253e+04	8.923965e+01	8.497868e-01	2025	1	1	12
	21	159	-166.875000	-10.500000	-5.632429e-05	1.009451e+05	2.220154e-02	4.439177e+00	1.476979e+04	1.477198e+04	1.471655e+04	8.437884e+01	8.089317e-01	2025	1	2	6
	21	159	-166.875000	-10.500000	-1.129372e-04	1.008399e+05	2.220154e-02	5.494151e+00	1.468408e+04	1.468527e+04	1.461153e+04	8.707139e+01	8.285730e-01	2025	1	2	12
	18	157	-168.750000	-11.500000	-6.282419e-05	1.007775e+05	0.000000e+00	5.890245e+00	1.465588e+04	1.465737e+04	1.462172e+04	8.890854e+01	8.815801e-01	2025	1	3	6
start	5	2025	1	1	0
	394	165	66.250000	-7.500000	-2.162777e-04	1.008239e+05	0.000000e+00	1.303699e+01	1.469017e+04	1.469075e+04	1.458573e+04	7.944297e+01	7.928727e-01	2025	1	1	0
	396	165	67.500000	-7.500000	-1.345214e-04	1.009870e+05	0.000000e+00	9.011866e+00	1.480046e+04	1.480421e+04	1.472568e+04	7.518353e+01	7.769513e-01	2025	1	1	6
	397	166	68.125000	-7.000000	-1.144922e-04	1.007471e+05	0.000000e+00	8.963957e+00	1.457882e+04	1.457999e+04	1.452850e+04	7.982159e+01	7.992081e-01	2025	1	1	12
	401	168	70.625000	-6.000000	-9.650636e-05	1.008429e+05	1.472015e-01	1.005239e+01	1.466051e+04	1.466177e+04	1.461857e+04	8.494360e+01	8.046188e-01	2025	1	2	0
	405	170	73.125000	-5.000000	-1.675140e-04	1.006881e+05	1.472015e-01	1.070808e+01	1.455455e+04	1.455733e+04	1.447253e+04	8.563015e+01	8.002610e-01	2025	1	2	12
start	6	2025	1	1	0
	407	165	74.375000	-7.500000	-1.015198e-04	1.007974e+05	4.597015e-01	8.591598e+00	1.461421e+04	1.461731e+04	1.457795e+04	8.890172e+01	8.237955e-01	2025	1	1	0
	408	165	75.000000	-7.500000	-9.271203e-05	1.009373e+05	0.000000e+00	8.797445e+00	1.473212e+04	1.473339e+04	1.470232e+04	8.962403e+01	8.200611e-01	2025	1	1	6
	412	166	77.500000	-7.000000	-1.343690e-04	1.007414e+05	0.000000e+00	8.171699e+00	1.459799e+04	1.460159e+04	1.453554e+04	9.012612e+01	8.226909e-01	2025	1	2	0
	413	167	78.125000	-6.500000	-1.584608e-04	1.008257e+05	0.000000e+00	8.175012e+00	1.470304e+04	1.470678e+04	1.461806e+04	8.716682e+01	7.916344e-01	2025	1	2	6
	414	168	78.750000	-6.000000	-2.257933e-04	1.005654e+05	0.000000e+00	9.542376e+00	1.450732e+04	1.451173e+04	1.439142e+04	8.198680e+01	7.875802e-01	2025	1	2	12
	410	171	76.250000	-4.500000	-1.279696e-04	1.007730e+05	0.000000e+00	1.032528e+01	1.462048e+04	1.462130e+04	1.455526e+04	8.380413e+01	8.066348e-01	2025	1	3	0
start	5	2025	1	1	0
	241	179	-29.375000	-0.500000	-1.772371e-05	1.011836e+05	0.000000e+00	6.574834e+00	1.492296e+04	1.492418e+04	1.491646e+04	8.194139e+01	8.261660e-01	2025	1	1	0
	241	179	-29.375000	-0.500000	-2.040171e-05	1.010883e+05	0.000000e+00	7.054433e+00	1.484513e+04	1.485006e+04	1.481735e+04	8.320133e+01	8.345075e-01	2025	1	1	12
	242	175	-28.750000	-2.500000	-1.973340e-05	1.011486e+05	0.000000e+00	7.768819e+00	1.487971e+04	1.488053e+04	1.487098e+04	8.624645e+01	8.490865e-01	2025	1	2	0
	242	175	-28.750000	-2.500000	-1.953947e-05	1.008747e+05	0.000000e+00	7.067354e+00	1.465407e+04	1.465683e+04	1.463652e+04	8.756964e+01	8.568036e-01	2025	1	2	6
	246	172	-26.250000	-4.000000	2.526722e-06	1.011171e+05	0.000000e+00	7.301086e+00	1.484665e+04	1.484870e+04	1.482969e+04	9.032633e+01	8.726948e-01	2025	1	2	12
start	6	2025	1	1	6
	57	140	-144.375000	-20.000000	-9.668728e-05	1.011183e+05	8.470154e-02	9.027412e+00	1.491771e+04	1.492552e+04	1.483512e+04	7.702290e+01	7.407011e-01	2025	1	1	6
	55	137	-145.625000	-21.500000	-1.172057e-04	1.009011e+05	8.470154e-02	7.756694e+00	1.475802e+04	1.476215e+04	1.467174e+04	7.555686e+01	7.195445e-01	2025	1	1	12
	55	139	-145.625000	-20.500000	-5.655450e-05	1.008759e+05	8.470154e-02	7.177995e+00	1.470068e+04	1.470538e+04	1.464353e+04	8.462917e+01	7.649218e-01	2025	1	2	0
	53	138	-146.875000	-21.000000	-1.049572e-04	1.010020e+05	2.220154e-02	8.009487e+00	1.484032e+04	1.484518e+04	1.476773e+04	8.213874e+01	7.634297e-01	2025	1	2	6
	52	138	-147.500000	-21.000000	-8.813935e-05	1.008190e+05	0.000000e+00	7.198607e+00	1.468302e+04	1.468719e+04	1.461996e+04	8.154865e+01	7.640387e-01	2025	1	2	12
	51	137	-148.125000	-21.500000	-6.894051e-05	1.009020e+05	5.647202e+00	8.440787e+00	1.473646e+04	1.473916e+04	1.468544e+04	8.198703e+01	7.137605e-01	2025	1	3	0
start	11	2025	1	1	6
	374	160	53.750000	-10.000000	-4.218418e-04	1.007595e+05	0.000000e+00	1.256338e+01	1.486775e+04	1.487323e+04	1.456843e+04	7.642360e+01	6.962094e-01	2025	1	1	6
	374	161	53.750000	-9.500000	-2.669036e-04	1.005575e+05	0.000000e+00	1.056656e+01	1.465169e+04	1.466084e+04	1.440777e+04	7.609739e+01	7.233896e-01	2025	1	1	12
	374	161	53.750000	-9.500000	-3.228036e-04	1.004907e+05	0.000000e+00	1.221645e+01	1.466430e+04	1.467449e+04	1.435791e+04	7.851431e+01	7.579724e-01	2025	1	2	0
	374	162	53.750000	-9.000000	-3.318570e-04	1.008342e+05	2.220154e-02	1.197605e+01	1.490158e+04	1.490897e+04	1.462830e+04	7.896015e+01	7.615944e-01	2025	1	2	6
	374	162	53.750000	-9.000000	-2.766181e-04	1.005689e+05	2.220154e-02	1.149568e+01	1.465215e+04	1.465933e+04	1.439975e+04	7.944974e+01	7.466203e-01	2025	1	2	12
	374	163	53.750000	-8.500000	-3.529971e-04	1.005914e+05	2.220154e-02	1.119936e+01	1.468635e+04	1.469305e+04	1.439366e+04	7.968329e+01	7.584223e-01	2025	1	3	0
	375	163	54.375000	-8.500000	-3.252215e-04	1.009034e+05	2.220154e-02	1.290121e+01	1.492544e+04	1.493245e+04	1.466913e+04	7.934141e+01	7.645971e-01	2025	1	3	6
	375	162	54.375000	-9.000000	-3.505780e-04	1.005776e+05	2.220154e-02	1.447991e+01	1.467092e+04	1.467713e+04	1.438915e+04	8.247917e+01	7.460278e-01	2025	1	3	12
	376	162	55.000000	-9.000000	-3.592780e-04	1.005186e+05	1.472015e-01	1.390800e+01	1.467370e+04	1.468078e+04	1.433396e+04	7.802810e+01	7.464970e-01	2025	1	4	0
	377	161	55.625000	-9.500000	-2.958486e-04	1.009067e+05	8.470154e-02	1.270302e+01	1.488826e+04	1.489425e+04	1.466196e+04	7.708483e+01	7.548789e-01	2025	1	4	6
	377	162	55.625000	-9.000000	-2.724100e-04	1.006521e+05	1.472015e-01	1.087045e+01	1.465509e+04	1.466240e+04	1.445706e+04	7.661191e+01	7.602447e-01	2025	1	4	12
start	9	2025	1	2	0
	403	156	71.875000	-12.000000	-1.490318e-04	1.007861e+05	0.000000e+00	9.472275e+00	1.463321e+04	1.463730e+04	1.453822e+04	8.229960e+01	7.729087e-01	2025	1	2	0
	402	157	71.250000	-11.500000	-1.516758e-04	1.008898e+05	0.000000e+00	8.596346e+00	1.471700e+04	1.472197e+04	1.464242e+04	8.050795e+01	7.416660e-01	2025	1	2	6
	402	157	71.250000	-11.500000	-1.394891e-04	1.006751e+05	0.000000e+00	7.609563e+00	1.454663e+04	1.454921e+04	1.447062e+04	8.513511e+01	7.574944e-01	2025	1	2	12
	401	158	70.625000	-11.000000	-1.247857e-04	1.007563e+05	0.000000e+00	7.276282e+00	1.462502e+04	1.462784e+04	1.455831e+04	8.453135e+01	7.830184e-01	2025	1	3	0
	401	158	70.625000	-11.000000	-1.271006e-04	1.008990e+05	0.000000e+00	7.095484e+00	1.475967e+04	1.476285e+04	1.469673e+04	8.116492e+01	7.593454e-01	2025	1	3	6
	401	159	70.625000	-10.500000	-1.137953e-04	1.006619e+05	0.000000e+00	7.522443e+00	1.455554e+04	1.455875e+04	1.449953e+04	7.856808e+01	7.478305e-01	2025	1	3	12
	404	161	72.500000	-9.500000	-1.136573e-04	1.005758e+05	4.597015e-01	9.315013e+00	1.453415e+04	1.453911e+04	1.447462e+04	7.565227e+01	7.191478e-01	2025	1	4	12
	406	162	73.750000	-9.000000	-1.113841e-04	1.006956e+05	4.597015e-01	9.090305e+00	1.462755e+04	1.463065e+04	1.457477e+04	8.486806e+01	7.766792e-01	2025	1	5	0
	403	163	71.875000	-8.500000	-3.038831e-04	1.005027e+05	4.597015e-01	1.488127e+01	1.463520e+04	1.463222e+04	1.438344e+04	7.728002e+01	7.199292e-01	2025	1	6	0
start	6	2025	1	2	12
	383	160	59.375000	-10.000000	-6.245471e-05	1.009192e+05	0.000000e+00	6.061725e+00	1.464088e+04	1.464321e+04	1.461277e+04	8.425872e+01	8.074253e-01	2025	1	2	12
	387	159	61.875000	-10.500000	-6.892363e-05	1.009446e+05	0.000000e+00	6.137340e+00	1.465518e+04	1.465919e+04	1.462808e+04	8.678741e+01	8.160886e-01	2025	1	3	0
	389	157	63.125000	-11.500000	-4.860333e-05	1.010819e+05	0.000000e+00	6.123421e+00	1.481753e+04	1.482104e+04	1.479824e+04	8.575546e+01	8.302714e-01	2025	1	3	6
	387	159	61.875000	-10.500000	-8.185287e-05	1.008758e+05	0.000000e+00	6.903835e+00	1.460986e+04	1.461513e+04	1.456331e+04	8.652426e+01	8.164312e-01	2025	1	3	12
	385	159	60.625000	-10.500000	-1.400049e-04	1.008103e+05	0.000000e+00	7.974126e+00	1.460666e+04	1.461116e+04	1.454857e+04	8.264484e+01	7.872913e-01	2025	1	4	0
	386	159	61.250000	-10.500000	-1.655815e-04	1.010837e+05	0.000000e+00	9.646917e+00	1.483621e+04	1.483938e+04	1.477520e+04	7.866266e+01	7.703624e-01	2025	1	4	6
start	21	2025	1	3	0
	567	144	174.375000	-18.000000	-4.452351e-05	1.008412e+05	0.000000e+00	8.767094e+00	1.468929e+04	1.469197e+04	1.464647e+04	8.263474e+01	8.241673e-01	2025	1	3	0
	567	145	174.375000	-17.500000	-6.475762e-05	1.008938e+05	0.000000e+00	8.504026e+00	1.473230e+04	1.473433e+04	1.469498e+04	7.571941e+01	7.629077e-01	2025	1	3	12
	571	143	176.875000	-18.500000	-1.403477e-04	1.008665e+05	2.122710e+03	1.068621e+01	1.471930e+04	1.471988e+04	1.466823e+04	8.076370e+01	7.632816e-01	2025	1	4	12
	569	143	175.625000	-18.500000	-1.415617e-04	1.007584e+05	9.707097e+02	9.355406e+00	1.467045e+04	1.467404e+04	1.459770e+04	8.193833e+01	7.739799e-01	2025	1	5	0
	567	144	174.375000	-18.000000	-1.496247e-04	1.006361e+05	0.000000e+00	1.077648e+01	1.457530e+04	1.458005e+04	1.449811e+04	8.171437e+01	7.721378e-01	2025	1	5	6
	567	146	174.375000	-17.000000	-1.774807e-04	1.005996e+05	0.000000e+00	1.227686e+01	1.459564e+04	1.460245e+04	1.448913e+04	8.313389e+01	8.314126e-01	2025	1	6	0
	567	146	174.375000	-17.000000	-2.143800e-04	1.003751e+05	0.000000e+00	1.177119e+01	1.448443e+04	1.449167e+04	1.430791e+04	8.699347e+01	8.402153e-01	2025	1	6	6
	568	147	175.000000	-16.500000	-2.070669e-04	1.003653e+05	9.147202e+00	1.136522e+01	1.451247e+04	1.452325e+04	1.431539e+04	8.924857e+01	8.662373e-01	2025	1	6	12
	570	145	176.250000	-17.500000	-3.152265e-04	1.002332e+05	2.122710e+03	1.289441e+01	1.439271e+04	1.440130e+04	1.414559e+04	8.989409e+01	8.718399e-01	2025	1	7	0
	573	144	178.125000	-18.000000	-2.735764e-04	1.001404e+05	2.122710e+03	1.373315e+01	1.433251e+04	1.434099e+04	1.413177e+04	8.274902e+01	8.391968e-01	2025	1	7	6
	575	144	179.375000	-18.000000	-3.292504e-04	1.003100e+05	2.122710e+03	1.234808e+01	1.443831e+04	1.444669e+04	1.421658e+04	8.375121e+01	8.671744e-01	2025	1	7	12
	2	144	-178.750000	-18.000000	-3.815030e-04	1.000192e+05	3.688347e+02	1.512458e+01	1.437422e+04	1.438622e+04	1.398886e+04	8.815814e+01	8.277386e-01	2025	1	8	0
	4	143	-177.500000	-18.500000	-3.636701e-04	1.000453e+05	9.709702e+00	1.455494e+01	1.432178e+04	1.433397e+04	1.397996e+04	8.339049e+01	7.868212e-01	2025	1	8	6
	6	143	-176.250000	-18.500000	-3.566278e-04	1.000579e+05	2.470970e+01	1.394353e+01	1.439211e+04	1.440384e+04	1.399333e+04	8.228725e+01	8.015428e-01	2025	1	8	12
	6	144	-176.250000	-18.000000	-1.202347e-04	1.004458e+05	2.470970e+01	1.226491e+01	1.440690e+04	1.441439e+04	1.430574e+04	9.087284e+01	8.422666e-01	2025	1	9	12
	9	143	-174.375000	-18.500000	-3.296415e-04	1.001157e+05	2.470970e+01	1.729981e+01	1.430832e+04	1.432169e+04	1.407143e+04	9.011765e+01	8.470620e-01	2025	1	10	0
	11	142	-173.125000	-19.000000	-3.318121e-04	1.000254e+05	2.470970e+01	1.411251e+01	1.426438e+04	1.427608e+04	1.399338e+04	8.670735e+01	8.446347e-01	2025	1	10	6
	13	141	-171.875000	-19.500000	-2.902421e-04	1.000346e+05	1.052220e+01	1.375418e+01	1.423964e+04	1.425453e+04	1.395470e+04	9.106212e+01	8.918241e-01	2025	1	10	12
	11	145	-173.125000	-17.500000	-2.806311e-04	1.002023e+05	1.489720e+01	1.638857e+01	1.433757e+04	1.434731e+04	1.409214e+04	8.987321e+01	8.849972e-01	2025	1	11	0
	15	145	-170.625000	-17.500000	-2.747630e-04	1.003651e+05	1.564720e+01	1.430932e+01	1.443120e+04	1.443965e+04	1.422746e+04	8.529765e+01	8.449497e-01	2025	1	11	6
	17	144	-169.375000	-18.000000	-2.612013e-04	1.003818e+05	1.564720e+01	1.405408e+01	1.441370e+04	1.442008e+04	1.423060e+04	8.215616e+01	8.177817e-01	2025	1	11	12
start	6	2025	1	3	0
	419	166	81.875000	-7.000000	-2.188924e-04	1.006162e+05	0.000000e+00	9.977873e+00	1.461219e+04	1.461452e+04	1.445017e+04	8.914042e+01	8.328969e-01	2025	1	3	0
	419	167	81.875000	-6.500000	-2.732863e-04	1.006988e+05	0.000000e+00	1.122893e+01	1.470506e+04	1.471021e+04	1.452698e+04	8.117599e+01	7.897293e-01	2025	1	3	6
	420	167	82.500000	-6.500000	-3.022433e-04	1.004913e+05	0.000000e+00	1.102739e+01	1.457041e+04	1.457341e+04	1.435808e+04	7.989542e+01	7.639063e-01	2025	1	3	12
	422	167	83.750000	-6.500000	-2.006522e-04	1.007011e+05	0.000000e+00	9.773310e+00	1.462548e+04	1.462680e+04	1.451261e+04	7.866297e+01	7.442984e-01	2025	1	4	0
	423	166	84.375000	-7.000000	-1.790446e-04	1.007538e+05	0.000000e+00	9.295712e+00	1.465042e+04	1.465339e+04	1.455568e+04	7.515026e+01	7.190430e-01	2025	1	4	6
	424	166	85.000000	-7.000000	-1.229001e-04	1.006905e+05	0.000000e+00	7.792766e+00	1.456418e+04	1.456578e+04	1.451417e+04	7.573354e+01	7.269219e-01	2025	1	4	12
start	6	2025	1	3	12
	433	150	90.625000	-15.000000	-6.207076e-05	1.007595e+05	0.000000e+00	7.995292e+00	1.457616e+04	1.458080e+04	1.453605e+04	8.260637e+01	7.790079e-01	2025	1	3	12
	430	150	88.750000	-15.000000	-1.580111e-04	1.007114e+05	0.000000e+00	9.276938e+00	1.459109e+04	1.459630e+04	1.449434e+04	8.584656e+01	8.134084e-01	2025	1	4	0
	429	151	88.125000	-14.500000	-1.911221e-04	1.006951e+05	0.000000e+00	8.750978e+00	1.461598e+04	1.461856e+04	1.448899e+04	8.375891e+01	8.138599e-01	2025	1	4	6
	431	148	89.375000	-16.000000	-1.532458e-04	1.005544e+05	0.000000e+00	1.195784e+01	1.460499e+04	1.461736e+04	1.444220e+04	9.285105e+01	8.537589e-01	2025	1	5	0
	429	148	88.125000	-16.000000	-1.335193e-04	1.005961e+05	0.000000e+00	1.280201e+01	1.463740e+04	1.465150e+04	1.447894e+04	8.906513e+01	8.500711e-01	2025	1	5	6
	426	148	86.250000	-16.000000	-1.182071e-04	1.005503e+05	0.000000e+00	1.212282e+01	1.458066e+04	1.459351e+04	1.445860e+04	8.976410e+01	8.513563e-01	2025	1	5	12
start	4	2025	1	4	0
	439	147	94.375000	-16.500000	-2.811151e-04	1.003340e+05	0.000000e+00	1.510443e+01	1.455355e+04	1.457054e+04	1.423853e+04	8.933137e+01	8.330019e-01	2025	1	4	0
	437	147	93.125000	-16.500000	-2.697906e-04	1.004536e+05	0.000000e+00	1.246460e+01	1.460974e+04	1.462345e+04	1.433033e+04	8.926647e+01	8.366942e-01	2025	1	4	6
	435	148	91.875000	-16.000000	-2.019329e-04	1.004176e+05	0.000000e+00	1.181878e+01	1.452802e+04	1.454158e+04	1.432428e+04	8.790507e+01	7.903947e-01	2025	1	4	12
	431	148	89.375000	-16.000000	-1.532458e-04	1.005544e+05	0.000000e+00	1.195784e+01	1.460499e+04	1.461736e+04	1.444220e+04	9.285105e+01	8.537589e-01	2025	1	5	0
start	6	2025	1	6	0
	1	147	-179.375000	-16.500000	-6.779987e-05	1.006278e+05	8.732097e+02	9.302547e+00	1.453931e+04	1.454853e+04	1.448434e+04	8.790853e+01	8.278720e-01	2025	1	6	0
	4	145	-177.500000	-17.500000	-1.846334e-04	1.003448e+05	8.852220e+01	1.203665e+01	1.443993e+04	1.445343e+04	1.423350e+04	8.990649e+01	8.496654e-01	2025	1	6	12
	7	141	-175.625000	-19.500000	-1.858528e-04	1.002072e+05	2.470970e+01	1.386333e+01	1.430404e+04	1.431966e+04	1.410893e+04	8.976240e+01	8.257467e-01	2025	1	7	0
	8	140	-175.000000	-20.000000	-3.363275e-04	9.989430e+04	2.470970e+01	1.564630e+01	1.423518e+04	1.425263e+04	1.385486e+04	8.731154e+01	8.060272e-01	2025	1	7	6
	8	140	-175.000000	-20.000000	-3.061132e-04	1.000495e+05	2.470970e+01	1.660570e+01	1.428995e+04	1.430386e+04	1.399728e+04	9.136729e+01	8.284701e-01	2025	1	7	12
	4	143	-177.500000	-18.500000	-3.636701e-04	1.000453e+05	9.709702e+00	1.455494e+01	1.432178e+04	1.433397e+04	1.397996e+04	8.339049e+01	7.868212e-01	2025	1	8	6
start	6	2025	1	6	0
	420	148	82.500000	-16.000000	-2.338613e-04	1.006348e+05	0.000000e+00	1.471831e+01	1.468408e+04	1.469668e+04	1.448131e+04	8.364610e+01	8.350577e-01	2025	1	6	0
	418	149	81.250000	-15.500000	-2.447359e-04	1.006531e+05	0.000000e+00	1.333799e+01	1.476633e+04	1.477611e+04	1.453239e+04	7.900312e+01	7.976753e-01	2025	1	6	6
	416	151	80.000000	-14.500000	-1.560568e-04	1.005563e+05	0.000000e+00	1.159904e+01	1.459479e+04	1.460620e+04	1.444802e+04	8.221002e+01	7.710871e-01	2025	1	6	12
	412	152	77.500000	-14.000000	-1.509880e-04	1.005682e+05	0.000000e+00	1.108679e+01	1.462657e+04	1.463966e+04	1.447647e+04	8.694316e+01	8.136035e-01	2025	1	7	0
	409	151	75.625000	-14.500000	-2.045390e-04	1.006706e+05	0.000000e+00	1.255421e+01	1.475337e+04	1.476587e+04	1.455749e+04	8.165116e+01	7.864722e-01	2025	1	7	6
	407	151	74.375000	-14.500000	-1.832094e-04	1.004653e+05	0.000000e+00	1.162979e+01	1.459132e+04	1.460279e+04	1.440216e+04	7.915541e+01	7.746762e-01	2025	1	7	12
start	4	2025	1	6	6
	253	178	-21.875000	-1.000000	-4.568087e-06	1.009119e+05	0.000000e+00	6.798010e+00	1.466400e+04	1.466561e+04	1.464677e+04	8.051639e+01	8.180619e-01	2025	1	6	6
	257	175	-19.375000	-2.500000	-3.792523e-06	1.011208e+05	0.000000e+00	6.683011e+00	1.484562e+04	1.484663e+04	1.483310e+04	8.004709e+01	7.845368e-01	2025	1	6	12
	256	178	-20.000000	-1.000000	-1.178708e-05	1.011088e+05	0.000000e+00	7.164656e+00	1.485785e+04	1.485792e+04	1.483752e+04	8.566559e+01	8.501719e-01	2025	1	7	0
	253	176	-21.875000	-2.000000	-1.011325e-05	1.010951e+05	0.000000e+00	6.792138e+00	1.483636e+04	1.483671e+04	1.482649e+04	8.520535e+01	8.614514e-01	2025	1	7	12
start	10	2025	1	6	12
	557	146	168.125000	-17.000000	-1.806141e-04	1.006315e+05	1.622710e+03	1.026586e+01	1.460821e+04	1.461517e+04	1.446632e+04	8.549145e+01	8.587633e-01	2025	1	6	12
	558	147	168.750000	-16.500000	-3.165293e-04	1.003235e+05	6.737097e+02	1.206945e+01	1.450795e+04	1.451770e+04	1.421554e+04	8.614780e+01	8.335026e-01	2025	1	7	0
	559	147	169.375000	-16.500000	-2.500949e-04	1.001640e+05	6.737097e+02	1.248818e+01	1.437259e+04	1.438327e+04	1.410448e+04	8.821542e+01	8.431622e-01	2025	1	7	6
	560	147	170.000000	-16.500000	-2.895223e-04	1.003507e+05	6.737097e+02	1.340469e+01	1.448804e+04	1.450134e+04	1.423763e+04	9.032428e+01	8.535739e-01	2025	1	7	12
	562	148	171.250000	-16.000000	-3.258119e-04	1.000235e+05	0.000000e+00	1.439970e+01	1.445809e+04	1.447126e+04	1.400696e+04	8.464369e+01	8.192520e-01	2025	1	8	0
	564	148	172.500000	-16.000000	-3.307739e-04	9.994755e+04	0.000000e+00	1.630497e+01	1.430464e+04	1.432004e+04	1.394725e+04	8.648514e+01	8.033922e-01	2025	1	8	6
	565	148	173.125000	-16.000000	-2.900673e-04	1.002089e+05	0.000000e+00	1.404525e+01	1.449249e+04	1.450586e+04	1.419435e+04	9.154087e+01	8.331296e-01	2025	1	8	12
	568	146	175.000000	-17.000000	-2.501260e-04	1.001803e+05	9.147202e+00	1.341709e+01	1.444454e+04	1.445723e+04	1.420531e+04	9.029693e+01	8.435503e-01	2025	1	9	0
	569	147	175.625000	-16.500000	-2.784621e-04	1.000806e+05	1.227220e+01	1.386351e+01	1.437378e+04	1.438600e+04	1.411018e+04	8.663689e+01	8.169761e-01	2025	1	9	6
	570	147	176.250000	-16.500000	-2.663711e-04	1.003612e+05	9.707097e+02	1.432892e+01	1.449848e+04	1.450702e+04	1.432177e+04	7.716205e+01	7.446066e-01	2025	1	9	12
start	13	2025	1	7	0
	16	139	-170.000000	-20.500000	-1.854706e-04	1.004342e+05	1.564720e+01	1.432557e+01	1.443406e+04	1.444392e+04	1.431253e+04	8.817076e+01	8.597027e-01	2025	1	7	0
	16	139	-170.000000	-20.500000	-3.531855e-04	9.985573e+04	1.564720e+01	2.048628e+01	1.421773e+04	1.423783e+04	1.379490e+04	9.178875e+01	8.599756e-01	2025	1	8	0
	19	138	-168.125000	-21.000000	-4.572271e-04	9.966845e+04	5.897202e+00	1.940885e+01	1.423691e+04	1.425195e+04	1.363564e+04	8.825454e+01	7.960791e-01	2025	1	8	6
	22	137	-166.250000	-21.500000	-3.728308e-04	9.981326e+04	0.000000e+00	1.959639e+01	1.421799e+04	1.422701e+04	1.380209e+04	9.024882e+01	7.796778e-01	2025	1	8	12
	22	139	-166.250000	-20.500000	-2.931883e-04	1.002252e+05	0.000000e+00	1.543495e+01	1.438707e+04	1.438987e+04	1.412050e+04	8.724965e+01	7.302498e-01	2025	1	9	0
	25	137	-164.375000	-21.500000	-3.552158e-04	1.003024e+05	0.000000e+00	1.510572e+01	1.437020e+04	1.437724e+04	1.414691e+04	7.735637e+01	6.436069e-01	2025	1	9	6
	28	136	-162.500000	-22.000000	-3.375072e-04	1.002224e+05	0.000000e+00	1.535112e+01	1.430821e+04	1.431617e+04	1.405793e+04	7.605315e+01	7.053151e-01	2025	1	9	12
	23	136	-165.625000	-22.000000	-2.444817e-04	1.002698e+05	0.000000e+00	1.285422e+01	1.423886e+04	1.425192e+04	1.411314e+04	8.227426e+01	7.906663e-01	2025	1	10	6
	25	137	-164.375000	-21.500000	-2.396084e-04	1.001123e+05	0.000000e+00	1.222481e+01	1.430685e+04	1.432044e+04	1.407671e+04	9.131209e+01	8.564650e-01	2025	1	11	6
	29	137	-161.875000	-21.500000	-1.952466e-04	1.000375e+05	3.272202e+00	1.291550e+01	1.421832e+04	1.423470e+04	1.400107e+04	8.918668e+01	8.454609e-01	2025	1	11	12
	25	140	-164.375000	-20.000000	-6.249398e-05	1.004479e+05	2.220154e-02	1.095269e+01	1.432675e+04	1.433332e+04	1.426140e+04	8.936798e+01	8.400325e-01	2025	1	12	0
	26	144	-163.750000	-18.000000	-1.294342e-04	1.005302e+05	2.220154e-02	1.169307e+01	1.448585e+04	1.449062e+04	1.437654e+04	8.303671e+01	8.117714e-01	2025	1	12	6
	29	144	-161.875000	-18.000000	-1.381690e-04	1.004780e+05	1.472015e-01	1.102099e+01	1.442193e+04	1.442653e+04	1.433412e+04	8.469353e+01	8.141277e-01	2025	1	12	12
start	14	2025	1	7	0
	546	146	161.250000	-17.000000	-2.081758e-04	1.006179e+05	0.000000e+00	1.220805e+01	1.460413e+04	1.461075e+04	1.445694e+04	8.440273e+01	8.222463e-01	2025	1	7	0
	545	148	160.625000	-16.000000	-2.168690e-04	1.004183e+05	0.000000e+00	1.280954e+01	1.443189e+04	1.443834e+04	1.429430e+04	8.082055e+01	8.247436e-01	2025	1	7	6
	545	149	160.625000	-15.500000	-1.541588e-04	1.007213e+05	0.000000e+00	1.059043e+01	1.466867e+04	1.467464e+04	1.455064e+04	8.180854e+01	8.231136e-01	2025	1	7	12
	545	151	160.625000	-14.500000	-1.188245e-04	1.006616e+05	0.000000e+00	9.409133e+00	1.459035e+04	1.459517e+04	1.452610e+04	8.441507e+01	8.026313e-01	2025	1	8	0
	548	150	162.500000	-15.000000	-1.305258e-04	1.004632e+05	0.000000e+00	9.273739e+00	1.440067e+04	1.440620e+04	1.431970e+04	8.615637e+01	7.949907e-01	2025	1	8	6
	549	149	163.125000	-15.500000	-1.455122e-04	1.005268e+05	0.000000e+00	8.822357e+00	1.446348e+04	1.446720e+04	1.436017e+04	7.573601e+01	7.462202e-01	2025	1	9	6
	552	150	165.000000	-15.000000	-3.081427e-04	1.004551e+05	1.622710e+03	1.078274e+01	1.461399e+04	1.461825e+04	1.431287e+04	8.009873e+01	7.869562e-01	2025	1	10	0
	553	150	165.625000	-15.000000	-2.852542e-04	1.004066e+05	1.622710e+03	1.208590e+01	1.451907e+04	1.452073e+04	1.428353e+04	8.378881e+01	8.195158e-01	2025	1	10	6
	555	150	166.875000	-15.000000	-2.931889e-04	1.005751e+05	1.622710e+03	1.155628e+01	1.468691e+04	1.469019e+04	1.445484e+04	8.354660e+01	7.994686e-01	2025	1	10	12
	558	150	168.750000	-15.000000	-2.715650e-04	1.005080e+05	1.622710e+03	1.159043e+01	1.457831e+04	1.458368e+04	1.438036e+04	8.306088e+01	7.710193e-01	2025	1	11	0
	560	149	170.000000	-15.500000	-2.556953e-04	1.004605e+05	6.737097e+02	1.069628e+01	1.448283e+04	1.448868e+04	1.432035e+04	8.196729e+01	7.624490e-01	2025	1	11	6
	561	150	170.625000	-15.000000	-2.193439e-04	1.007194e+05	0.000000e+00	9.651286e+00	1.467589e+04	1.468046e+04	1.454999e+04	7.993381e+01	7.549977e-01	2025	1	11	12
	563	150	171.875000	-15.000000	-1.202903e-04	1.007393e+05	0.000000e+00	8.121965e+00	1.463557e+04	1.463858e+04	1.458509e+04	7.908800e+01	7.320858e-01	2025	1	12	0
	564	150	172.500000	-15.000000	-8.437601e-05	1.008501e+05	0.000000e+00	6.906872e+00	1.471722e+04	1.471967e+04	1.467963e+04	7.725444e+01	7.267370e-01	2025	1	12	12
start	6	2025	1	7	0
	115	162	-108.125000	-9.000000	-2.913663e-05	1.011065e+05	0.000000e+00	6.315019e+00	1.465050e+04	1.465638e+04	1.460877e+04	8.684329e+01	8.962141e-01	2025	1	7	0
	115	160	-108.125000	-10.000000	-3.641384e-05	1.015187e+05	0.000000e+00	5.874337e+00	1.497336e+04	1.497521e+04	1.494780e+04	9.407824e+01	9.370041e-01	2025	1	7	6
	113	161	-109.375000	-9.500000	-3.940062e-05	1.013247e+05	0.000000e+00	5.436501e+00	1.479944e+04	1.480307e+04	1.476659e+04	9.386886e+01	9.459120e-01	2025	1	7	12
	110	160	-111.250000	-10.000000	-4.097460e-05	1.012869e+05	0.000000e+00	5.866292e+00	1.479085e+04	1.479445e+04	1.475290e+04	8.749573e+01	8.794698e-01	2025	1	8	0
	107	157	-113.125000	-11.500000	-1.736239e-05	1.013790e+05	0.000000e+00	8.079682e+00	1.481530e+04	1.482095e+04	1.477716e+04	9.397343e+01	9.069000e-01	2025	1	8	12
	110	159	-111.250000	-10.500000	-2.385374e-05	1.012966e+05	0.000000e+00	7.158737e+00	1.479359e+04	1.479960e+04	1.474634e+04	8.242502e+01	8.548817e-01	2025	1	9	12
start	7	2025	1	7	12
	400	158	70.000000	-11.000000	-1.581427e-04	1.005274e+05	0.000000e+00	9.626577e+00	1.453357e+04	1.454219e+04	1.440284e+04	7.747762e+01	7.487059e-01	2025	1	7	12
	399	159	69.375000	-10.500000	-1.580130e-04	1.005515e+05	0.000000e+00	7.960958e+00	1.453483e+04	1.454379e+04	1.444715e+04	7.747447e+01	7.766461e-01	2025	1	8	0
	399	159	69.375000	-10.500000	-1.197051e-04	1.006795e+05	0.000000e+00	7.058250e+00	1.465850e+04	1.466840e+04	1.457652e+04	8.164838e+01	7.855368e-01	2025	1	8	6
	398	158	68.750000	-11.000000	-1.107168e-04	1.004709e+05	0.000000e+00	7.850287e+00	1.447855e+04	1.448875e+04	1.440052e+04	8.414999e+01	8.006405e-01	2025	1	8	12
	399	159	69.375000	-10.500000	-2.741586e-04	1.004750e+05	0.000000e+00	1.137692e+01	1.459965e+04	1.460776e+04	1.437340e+04	7.652549e+01	7.429798e-01	2025	1	9	12
	396	160	67.500000	-10.000000	-6.173386e-05	1.008451e+05	0.000000e+00	8.490602e+00	1.471173e+04	1.471596e+04	1.465776e+04	7.978419e+01	7.764805e-01	2025	1	10	0
	398	159	68.750000	-10.500000	-6.260193e-05	1.008905e+05	0.000000e+00	1.010583e+01	1.470606e+04	1.471331e+04	1.465688e+04	8.200260e+01	7.914081e-01	2025	1	10	12
start	4	2025	1	7	12
	275	171	-8.125000	-4.500000	-6.208935e-06	1.009959e+05	0.000000e+00	6.673757e+00	1.475447e+04	1.475743e+04	1.473641e+04	7.616202e+01	6.659396e-01	2025	1	7	12
	273	176	-9.375000	-2.000000	-1.643570e-05	1.009341e+05	0.000000e+00	6.185960e+00	1.474415e+04	1.474709e+04	1.472509e+04	8.662475e+01	8.129343e-01	2025	1	8	6
	272	177	-10.000000	-1.500000	-2.068970e-05	1.010284e+05	0.000000e+00	7.071783e+00	1.482729e+04	1.482956e+04	1.481313e+04	8.583485e+01	8.045657e-01	2025	1	8	12
	272	178	-10.000000	-1.000000	-1.739813e-05	1.010999e+05	0.000000e+00	7.023677e+00	1.487060e+04	1.487093e+04	1.485949e+04	8.247912e+01	7.712256e-01	2025	1	9	0
start	18	2025	1	8	0
	462	155	108.750000	-12.500000	-8.778660e-05	1.008068e+05	0.000000e+00	7.044554e+00	1.465629e+04	1.466520e+04	1.457851e+04	8.618677e+01	8.308893e-01	2025	1	8	0
	460	154	107.500000	-13.000000	-1.221034e-04	1.006502e+05	0.000000e+00	8.545336e+00	1.457125e+04	1.457927e+04	1.447245e+04	8.648178e+01	8.377180e-01	2025	1	8	6
	458	153	106.250000	-13.500000	-2.377515e-04	1.005428e+05	0.000000e+00	1.127853e+01	1.461399e+04	1.462405e+04	1.441354e+04	7.810149e+01	7.810702e-01	2025	1	8	12
	456	152	105.000000	-14.000000	-2.968925e-04	1.003943e+05	0.000000e+00	1.155164e+01	1.460153e+04	1.461429e+04	1.432319e+04	8.222831e+01	7.943577e-01	2025	1	9	0
	455	151	104.375000	-14.500000	-3.625434e-04	1.002805e+05	0.000000e+00	1.382175e+01	1.455540e+04	1.456280e+04	1.420476e+04	8.704950e+01	8.301195e-01	2025	1	9	6
	454	149	103.750000	-15.500000	-2.342932e-04	1.004959e+05	0.000000e+00	1.080654e+01	1.461508e+04	1.463043e+04	1.439778e+04	8.579444e+01	8.168647e-01	2025	1	9	12
	453	147	103.125000	-16.500000	-2.931323e-04	1.004260e+05	0.000000e+00	1.254870e+01	1.467498e+04	1.469093e+04	1.433745e+04	8.583969e+01	8.244901e-01	2025	1	10	0
	453	146	103.125000	-17.000000	-3.375994e-04	1.002576e+05	0.000000e+00	1.371629e+01	1.455987e+04	1.457465e+04	1.417336e+04	8.805639e+01	8.476025e-01	2025	1	10	6
	453	146	103.125000	-17.000000	-2.621768e-04	1.004159e+05	0.000000e+00	1.255516e+01	1.461131e+04	1.462839e+04	1.431916e+04	8.819208e+01	8.515012e-01	2025	1	10	12
	452	145	102.500000	-17.500000	-1.807166e-04	1.005634e+05	0.000000e+00	1.057797e+01	1.464363e+04	1.465890e+04	1.444786e+04	8.868241e+01	8.586016e-01	2025	1	11	0
	452	145	102.500000	-17.500000	-1.679176e-04	1.005613e+05	0.000000e+00	1.060083e+01	1.461479e+04	1.462800e+04	1.445294e+04	8.804931e+01	8.607536e-01	2025	1	11	6
	452	144	102.500000	-18.000000	-1.343083e-04	1.005728e+05	0.000000e+00	1.052723e+01	1.460505e+04	1.461869e+04	1.445361e+04	8.974138e+01	8.582125e-01	2025	1	11	12
	451	144	101.875000	-18.000000	-1.119142e-04	1.006312e+05	0.000000e+00	1.074013e+01	1.462794e+04	1.463927e+04	1.448571e+04	8.933667e+01	8.446544e-01	2025	1	12	0
	451	144	101.875000	-18.000000	-1.036581e-04	1.005492e+05	0.000000e+00	1.102238e+01	1.452953e+04	1.454201e+04	1.439362e+04	8.689744e+01	8.214863e-01	2025	1	12	6
	451	145	101.875000	-17.500000	-9.521105e-05	1.006324e+05	0.000000e+00	1.013361e+01	1.456604e+04	1.457575e+04	1.446369e+04	8.961585e+01	8.087679e-01	2025	1	12	12
	450	146	101.250000	-17.000000	-9.497136e-05	1.005927e+05	0.000000e+00	8.807582e+00	1.450868e+04	1.451827e+04	1.441447e+04	8.931904e+01	7.800729e-01	2025	1	13	0
	449	146	100.625000	-17.000000	-8.379592e-05	1.005507e+05	0.000000e+00	9.096002e+00	1.447373e+04	1.448334e+04	1.437878e+04	8.922924e+01	7.821479e-01	2025	1	13	6
	448	147	100.000000	-16.500000	-8.244390e-05	1.006512e+05	0.000000e+00	9.843905e+00	1.453472e+04	1.454151e+04	1.446199e+04	9.111431e+01	7.793689e-01	2025	1	13	12
start	9	2025	1	8	12
	556	150	167.500000	-15.000000	-7.708526e-05	1.007680e+05	1.622710e+03	8.348029e+00	1.461309e+04	1.461562e+04	1.458516e+04	8.793202e+01	8.454815e-01	2025	1	8	12
	559	149	169.375000	-15.500000	-7.033081e-05	1.006857e+05	6.737097e+02	7.739776e+00	1.456790e+04	1.457107e+04	1.452297e+04	8.487641e+01	8.114142e-01	2025	1	9	0
	560	150	170.000000	-15.000000	-1.504407e-04	1.005188e+05	6.129597e+02	7.768698e+00	1.445824e+04	1.446001e+04	1.436358e+04	8.319493e+01	7.829009e-01	2025	1	9	6
	561	150	170.625000	-15.000000	-3.003361e-04	1.004462e+05	0.000000e+00	1.193216e+01	1.461233e+04	1.461920e+04	1.433651e+04	7.706165e+01	7.570481e-01	2025	1	9	12
	562	150	171.250000	-15.000000	-1.741608e-04	1.004950e+05	0.000000e+00	1.056152e+01	1.454242e+04	1.454896e+04	1.441786e+04	8.157578e+01	8.023660e-01	2025	1	10	0
	564	150	172.500000	-15.000000	-1.907592e-04	1.004200e+05	0.000000e+00	1.156614e+01	1.446412e+04	1.447046e+04	1.432740e+04	8.549336e+01	8.336608e-01	2025	1	10	6
	565	150	173.125000	-15.000000	-1.932078e-04	1.006504e+05	0.000000e+00	1.182929e+01	1.463392e+04	1.463873e+04	1.451841e+04	8.532771e+01	8.387435e-01	2025	1	10	12
	568	149	175.000000	-15.500000	-2.092004e-04	1.006096e+05	0.000000e+00	1.172691e+01	1.458085e+04	1.458345e+04	1.445028e+04	8.262481e+01	7.859980e-01	2025	1	11	0
	571	148	176.875000	-16.000000	-1.459450e-04	1.007820e+05	2.086710e+03	7.493794e+00	1.463349e+04	1.463680e+04	1.456605e+04	7.784446e+01	7.622390e-01	2025	1	11	12
start	4	2025	1	8	12
	260	175	-17.500000	-2.500000	-2.323021e-06	1.011254e+05	0.000000e+00	6.967342e+00	1.484608e+04	1.484895e+04	1.482924e+04	7.986094e+01	7.875755e-01	2025	1	8	12
	256	175	-20.000000	-2.500000	-4.354749e-06	1.011851e+05	0.000000e+00	7.818619e+00	1.490797e+04	1.490840e+04	1.489810e+04	8.400356e+01	8.054097e-01	2025	1	9	0
	257	180	-19.375000	0.000000	-1.037090e-05	1.009854e+05	0.000000e+00	7.132058e+00	1.472025e+04	1.472144e+04	1.471209e+04	8.095357e+01	8.035371e-01	2025	1	9	6
	253	179	-21.875000	-0.500000	1.137686e-06	1.008599e+05	0.000000e+00	7.392682e+00	1.461209e+04	1.461398e+04	1.460046e+04	8.512964e+01	8.007311e-01	2025	1	10	6
start	4	2025	1	9	0
	12	140	-172.500000	-20.000000	-1.459739e-04	1.003104e+05	1.489720e+01	1.404005e+01	1.433852e+04	1.435191e+04	1.418973e+04	7.826263e+01	7.125029e-01	2025	1	9	0
	14	142	-171.250000	-19.000000	-3.842833e-04	1.001492e+05	1.564720e+01	1.624645e+01	1.436443e+04	1.437446e+04	1.409505e+04	8.691970e+01	7.753029e-01	2025	1	9	6
	16	140	-170.000000	-20.000000	-3.851261e-04	1.000956e+05	1.564720e+01	1.760196e+01	1.433119e+04	1.434186e+04	1.401320e+04	8.414061e+01	7.569067e-01	2025	1	9	12
	13	141	-171.875000	-19.500000	-2.902421e-04	1.000346e+05	1.052220e+01	1.375418e+01	1.423964e+04	1.425453e+04	1.395470e+04	9.106212e+01	8.918241e-01	2025	1	10	12
start	4	2025	1	9	12
	386	152	61.250000	-14.000000	-2.563952e-04	1.002965e+05	0.000000e+00	1.249829e+01	1.452028e+04	1.453697e+04	1.420875e+04	7.564023e+01	7.662887e-01	2025	1	9	12
	382	153	58.750000	-13.500000	-2.719482e-04	1.004520e+05	0.000000e+00	1.128170e+01	1.457815e+04	1.460167e+04	1.427183e+04	8.541018e+01	7.966294e-01	2025	1	10	0
	380	151	57.500000	-14.500000	-2.305307e-04	1.006912e+05	0.000000e+00	1.308173e+01	1.476569e+04	1.479031e+04	1.447453e+04	8.611571e+01	7.742949e-01	2025	1	10	6
	377	153	55.625000	-13.500000	-1.997669e-04	1.004804e+05	0.000000e+00	1.261551e+01	1.454613e+04	1.456979e+04	1.430057e+04	9.104227e+01	7.906536e-01	2025	1	10	12
start	19	2025	1	10	0
	421	168	83.125000	-6.000000	-2.460452e-05	1.009998e+05	0.000000e+00	6.534878e+00	1.476811e+04	1.477033e+04	1.473804e+04	7.875262e+01	7.936146e-01	2025	1	10	0
	420	165	82.500000	-7.500000	-1.076208e-04	1.010509e+05	0.000000e+00	8.948851e+00	1.487323e+04	1.487690e+04	1.478772e+04	8.123601e+01	7.975436e-01	2025	1	10	6
	420	165	82.500000	-7.500000	-1.752980e-04	1.008332e+05	0.000000e+00	8.726931e+00	1.470455e+04	1.470881e+04	1.460977e+04	8.046606e+01	7.853904e-01	2025	1	10	12
	420	166	82.500000	-7.000000	-1.896225e-04	1.008121e+05	0.000000e+00	1.000245e+01	1.477461e+04	1.477965e+04	1.461413e+04	8.275754e+01	8.263184e-01	2025	1	11	0
	419	166	81.875000	-7.000000	-1.967236e-04	1.009627e+05	0.000000e+00	7.981029e+00	1.483490e+04	1.483792e+04	1.474445e+04	7.714188e+01	7.912324e-01	2025	1	11	6
	419	164	81.875000	-8.000000	-1.556161e-04	1.007339e+05	0.000000e+00	9.748395e+00	1.465474e+04	1.466309e+04	1.453622e+04	8.280299e+01	8.255421e-01	2025	1	11	12
	418	165	81.250000	-7.500000	-2.412180e-04	1.006609e+05	0.000000e+00	9.759914e+00	1.465746e+04	1.466576e+04	1.450698e+04	8.134729e+01	8.115242e-01	2025	1	12	0
	418	164	81.250000	-8.000000	-3.409503e-04	1.005729e+05	0.000000e+00	1.272100e+01	1.478717e+04	1.479504e+04	1.444341e+04	7.968991e+01	7.946232e-01	2025	1	12	6
	418	164	81.250000	-8.000000	-2.790191e-04	1.004995e+05	0.000000e+00	1.084727e+01	1.466753e+04	1.467387e+04	1.437059e+04	7.922602e+01	7.894949e-01	2025	1	12	12
	418	164	81.250000	-8.000000	-1.518744e-04	1.007239e+05	0.000000e+00	8.706561e+00	1.464003e+04	1.464459e+04	1.454635e+04	8.569271e+01	8.007552e-01	2025	1	13	0
	419	163	81.875000	-8.500000	-1.586340e-04	1.007794e+05	0.000000e+00	9.428240e+00	1.473795e+04	1.474270e+04	1.463751e+04	8.512340e+01	7.889835e-01	2025	1	13	6
	419	163	81.875000	-8.500000	-2.309737e-04	1.005254e+05	0.000000e+00	1.017118e+01	1.457227e+04	1.457778e+04	1.440728e+04	8.257056e+01	7.849990e-01	2025	1	13	12
	419	163	81.875000	-8.500000	-2.094010e-04	1.005703e+05	0.000000e+00	9.699983e+00	1.462277e+04	1.462802e+04	1.446931e+04	7.767126e+01	7.842264e-01	2025	1	14	0
	418	163	81.250000	-8.500000	-2.970862e-04	1.005274e+05	0.000000e+00	1.167850e+01	1.470037e+04	1.470829e+04	1.441049e+04	7.634056e+01	7.667627e-01	2025	1	14	6
	417	163	80.625000	-8.500000	-2.564950e-04	1.004811e+05	0.000000e+00	1.151747e+01	1.456817e+04	1.457517e+04	1.435449e+04	7.787247e+01	7.916785e-01	2025	1	14	12
	416	164	80.000000	-8.000000	-2.720144e-04	1.005052e+05	0.000000e+00	1.156843e+01	1.462429e+04	1.463101e+04	1.437596e+04	8.261226e+01	7.726186e-01	2025	1	15	0
	416	164	80.000000	-8.000000	-3.368054e-04	1.006997e+05	0.000000e+00	1.156605e+01	1.475867e+04	1.476234e+04	1.456769e+04	8.024175e+01	7.186578e-01	2025	1	15	6
	416	164	80.000000	-8.000000	-3.263470e-04	1.004506e+05	0.000000e+00	1.198918e+01	1.457381e+04	1.457692e+04	1.432448e+04	8.438462e+01	7.124921e-01	2025	1	15	12
	417	164	80.625000	-8.000000	-3.126308e-04	1.005409e+05	0.000000e+00	1.293127e+01	1.461887e+04	1.461944e+04	1.440085e+04	7.906598e+01	6.854498e-01	2025	1	16	0
start	6	2025	1	10	6
	403	160	71.875000	-10.000000	-1.224379e-04	1.010564e+05	0.000000e+00	9.750144e+00	1.492701e+04	1.493103e+04	1.483027e+04	8.367629e+01	7.835995e-01	2025	1	10	6
	402	163	71.250000	-8.500000	-5.521132e-05	1.012538e+05	4.597015e-01	7.032176e+00	1.496764e+04	1.496921e+04	1.491611e+04	7.694643e+01	7.991924e-01	2025	1	11	6
	401	161	70.625000	-9.500000	-7.342001e-05	1.011277e+05	0.000000e+00	6.937230e+00	1.486291e+04	1.486605e+04	1.482523e+04	7.817287e+01	7.931017e-01	2025	1	12	6
	400	162	70.000000	-9.000000	-8.733100e-05	1.008808e+05	0.000000e+00	5.851212e+00	1.462829e+04	1.463257e+04	1.459311e+04	7.952217e+01	7.874562e-01	2025	1	12	12
	399	163	69.375000	-8.500000	-7.267355e-05	1.008706e+05	0.000000e+00	5.354190e+00	1.462929e+04	1.463341e+04	1.459007e+04	7.795395e+01	7.942027e-01	2025	1	13	0
	400	163	70.000000	-8.500000	-5.744500e-05	1.010378e+05	2.220154e-02	5.785965e+00	1.477034e+04	1.477470e+04	1.473493e+04	8.151069e+01	7.925334e-01	2025	1	13	6
start	10	2025	1	11	0
	392	153	65.000000	-13.500000	-1.753641e-04	1.008020e+05	0.000000e+00	1.161298e+01	1.481504e+04	1.482347e+04	1.462031e+04	7.877732e+01	7.446119e-01	2025	1	11	0
	390	155	63.750000	-12.500000	-1.597912e-04	1.009509e+05	0.000000e+00	1.123101e+01	1.480551e+04	1.480739e+04	1.470501e+04	8.191115e+01	8.436300e-01	2025	1	12	0
	389	155	63.125000	-12.500000	-1.720136e-04	1.011882e+05	0.000000e+00	1.066835e+01	1.495521e+04	1.495700e+04	1.486810e+04	8.083748e+01	8.265006e-01	2025	1	12	6
	388	156	62.500000	-12.000000	-1.467881e-04	1.008731e+05	0.000000e+00	8.835269e+00	1.469404e+04	1.469769e+04	1.461109e+04	7.707416e+01	7.900089e-01	2025	1	12	12
	386	157	61.250000	-11.500000	-1.855579e-04	1.007014e+05	0.000000e+00	9.183414e+00	1.465876e+04	1.466319e+04	1.449660e+04	8.019456e+01	7.619205e-01	2025	1	13	0
	385	158	60.625000	-11.000000	-2.854782e-04	1.008904e+05	0.000000e+00	1.067562e+01	1.484402e+04	1.484725e+04	1.465479e+04	7.857707e+01	7.294641e-01	2025	1	13	6
	385	158	60.625000	-11.000000	-1.791257e-04	1.006579e+05	0.000000e+00	8.922619e+00	1.455890e+04	1.456450e+04	1.445002e+04	7.836765e+01	7.418023e-01	2025	1	13	12
	384	163	60.000000	-8.500000	-6.203384e-05	1.007873e+05	0.000000e+00	7.514758e+00	1.460434e+04	1.461034e+04	1.455944e+04	8.346574e+01	7.872959e-01	2025	1	14	0
	384	165	60.000000	-7.500000	-5.709810e-05	1.008038e+05	0.000000e+00	6.543074e+00	1.460292e+04	1.460809e+04	1.456492e+04	8.144693e+01	7.712301e-01	2025	1	14	12
	384	166	60.000000	-7.000000	-5.892284e-05	1.009165e+05	0.000000e+00	6.107372e+00	1.471103e+04	1.471492e+04	1.467871e+04	8.349386e+01	7.657933e-01	2025	1	15	0
start	6	2025	1	11	0
	483	153	121.875000	-13.500000	-9.072986e-05	1.009395e+05	8.470154e-02	5.629923e+00	1.482231e+04	1.482609e+04	1.476406e+04	7.659255e+01	7.461327e-01	2025	1	11	0
	482	153	121.250000	-13.500000	-1.022749e-04	1.006919e+05	2.220154e-02	5.706960e+00	1.459868e+04	1.460600e+04	1.453288e+04	7.628558e+01	7.681652e-01	2025	1	11	6
	480	152	120.000000	-14.000000	-8.935465e-05	1.007984e+05	0.000000e+00	6.004823e+00	1.469992e+04	1.470493e+04	1.464061e+04	7.793657e+01	7.503594e-01	2025	1	11	12
	477	150	118.125000	-15.000000	-6.897069e-05	1.007681e+05	0.000000e+00	4.745318e+00	1.471110e+04	1.471611e+04	1.464973e+04	8.387869e+01	7.650476e-01	2025	1	12	0
	477	149	118.125000	-15.500000	-1.842749e-04	1.003558e+05	0.000000e+00	1.012278e+01	1.449685e+04	1.450675e+04	1.429687e+04	7.901762e+01	7.496901e-01	2025	1	12	6
	477	148	118.125000	-16.000000	-2.320318e-04	1.005965e+05	0.000000e+00	8.398049e+00	1.463414e+04	1.463875e+04	1.448522e+04	7.914043e+01	7.481654e-01	2025	1	12	12
start	15	2025	1	12	0
	34	136	-158.750000	-22.000000	-2.232869e-04	9.995578e+04	7.022202e+00	1.390417e+01	1.419474e+04	1.421660e+04	1.390252e+04	8.800524e+01	8.185499e-01	2025	1	12	0
	36	136	-157.500000	-22.000000	-3.026463e-04	9.992293e+04	7.022202e+00	1.529104e+01	1.425259e+04	1.427787e+04	1.388358e+04	8.138854e+01	7.918299e-01	2025	1	12	6
	38	135	-156.250000	-22.500000	-2.788310e-04	9.985414e+04	5.772202e+00	1.501770e+01	1.415818e+04	1.418167e+04	1.379415e+04	8.094288e+01	7.978672e-01	2025	1	12	12
	41	135	-154.375000	-22.500000	-1.976967e-04	9.991718e+04	2.722015e-01	1.324988e+01	1.416767e+04	1.418997e+04	1.387126e+04	8.375565e+01	8.227385e-01	2025	1	13	0
	43	135	-153.125000	-22.500000	-1.868594e-04	1.001370e+05	1.527220e+01	1.138522e+01	1.429452e+04	1.431159e+04	1.405109e+04	8.303539e+01	8.414329e-01	2025	1	13	6
	43	134	-153.125000	-23.000000	-1.888705e-04	1.000130e+05	1.527220e+01	9.976460e+00	1.419974e+04	1.421758e+04	1.397207e+04	7.834815e+01	8.130469e-01	2025	1	13	12
	42	133	-153.750000	-23.500000	-1.815148e-04	1.001202e+05	2.722015e-01	1.125395e+01	1.423439e+04	1.425182e+04	1.401205e+04	7.939242e+01	7.810754e-01	2025	1	14	0
	42	132	-153.750000	-24.000000	-1.732380e-04	1.002651e+05	2.722015e-01	1.167082e+01	1.436356e+04	1.438221e+04	1.414997e+04	8.187160e+01	7.950283e-01	2025	1	14	6
	41	132	-154.375000	-24.000000	-1.312539e-04	1.002552e+05	2.722015e-01	9.965402e+00	1.433516e+04	1.435387e+04	1.413928e+04	8.059570e+01	7.828311e-01	2025	1	14	12
	40	130	-155.000000	-25.000000	-1.060110e-04	1.005166e+05	0.000000e+00	1.075862e+01	1.448388e+04	1.449997e+04	1.435600e+04	9.008853e+01	7.853565e-01	2025	1	15	0
	40	130	-155.000000	-25.000000	-7.727888e-05	1.006266e+05	0.000000e+00	1.156312e+01	1.454118e+04	1.455650e+04	1.443723e+04	8.697115e+01	7.566174e-01	2025	1	15	6
	40	130	-155.000000	-25.000000	-7.525041e-05	1.006657e+05	0.000000e+00	1.020621e+01	1.454340e+04	1.455510e+04	1.446459e+04	8.685120e+01	7.528498e-01	2025	1	15	12
	40	129	-155.000000	-25.500000	-7.214045e-05	1.008586e+05	0.000000e+00	1.033122e+01	1.467838e+04	1.469129e+04	1.457919e+04	8.180291e+01	7.069315e-01	2025	1	16	0
	39	129	-155.625000	-25.500000	-6.017250e-05	1.009262e+05	0.000000e+00	9.959140e+00	1.472823e+04	1.474029e+04	1.463696e+04	7.504191e+01	6.713381e-01	2025	1	16	6
	39	129	-155.625000	-25.500000	-4.713566e-05	1.009019e+05	0.000000e+00	7.537236e+00	1.463633e+04	1.464455e+04	1.457287e+04	7.773615e+01	7.267600e-01	2025	1	17	0
start	8	2025	1	12	6
	537	133	155.625000	-23.500000	-1.003755e-04	1.004747e+05	5.847015e-01	5.632946e+00	1.432100e+04	1.433008e+04	1.422341e+04	7.829830e+01	7.550090e-01	2025	1	12	6
	539	133	156.875000	-23.500000	-8.808228e-05	1.007000e+05	0.000000e+00	7.325904e+00	1.451108e+04	1.451983e+04	1.440719e+04	7.781437e+01	7.533247e-01	2025	1	12	12
	539	131	156.875000	-24.500000	-1.200042e-04	1.006144e+05	0.000000e+00	8.432875e+00	1.445163e+04	1.446276e+04	1.434169e+04	8.191226e+01	7.947288e-01	2025	1	13	0
	540	130	157.500000	-25.000000	-1.019281e-04	1.003403e+05	0.000000e+00	1.107076e+01	1.426533e+04	1.427910e+04	1.412977e+04	8.042683e+01	7.761281e-01	2025	1	13	6
	540	129	157.500000	-25.500000	-9.191856e-05	1.006099e+05	0.000000e+00	9.645316e+00	1.444999e+04	1.446251e+04	1.433672e+04	8.040270e+01	7.827109e-01	2025	1	13	12
	544	127	160.000000	-26.500000	-7.051312e-05	1.006285e+05	0.000000e+00	1.003966e+01	1.439697e+04	1.440856e+04	1.431385e+04	7.894111e+01	7.862883e-01	2025	1	14	0
	545	128	160.625000	-26.000000	-6.002696e-05	1.003488e+05	0.000000e+00	9.209308e+00	1.416329e+04	1.417661e+04	1.407938e+04	7.876394e+01	7.902302e-01	2025	1	14	6
	545	128	160.625000	-26.000000	-7.523794e-05	1.005685e+05	0.000000e+00	9.101876e+00	1.432426e+04	1.433330e+04	1.425717e+04	8.043665e+01	7.912146e-01	2025	1	14	12
start	11	2025	1	13	0
	58	138	-143.750000	-21.000000	-2.444032e-04	1.002375e+05	8.470154e-02	1.340751e+01	1.430922e+04	1.431889e+04	1.409940e+04	8.623954e+01	8.787491e-01	2025	1	13	0
	58	137	-143.750000	-21.500000	-1.640725e-04	1.005313e+05	8.470154e-02	1.084885e+01	1.447730e+04	1.448577e+04	1.437601e+04	8.432176e+01	8.797823e-01	2025	1	13	6
	61	137	-141.875000	-21.500000	-1.808325e-04	1.004811e+05	1.472015e-01	1.673851e+01	1.447478e+04	1.448804e+04	1.433156e+04	8.557743e+01	8.625611e-01	2025	1	14	0
	62	137	-141.250000	-21.500000	-3.455316e-04	1.003909e+05	1.472015e-01	1.672762e+01	1.464191e+04	1.465646e+04	1.423995e+04	8.891185e+01	8.656231e-01	2025	1	14	6
	63	137	-140.625000	-21.500000	-3.681730e-04	1.002674e+05	1.472015e-01	1.562392e+01	1.455002e+04	1.456390e+04	1.416981e+04	8.898875e+01	8.561688e-01	2025	1	14	12
	67	137	-138.125000	-21.500000	-4.860862e-04	1.001682e+05	1.472015e-01	1.888613e+01	1.466648e+04	1.468005e+04	1.405838e+04	8.957238e+01	8.408667e-01	2025	1	15	0
	69	136	-136.875000	-22.000000	-5.031250e-04	1.003380e+05	2.722015e-01	1.781678e+01	1.480864e+04	1.482410e+04	1.417150e+04	8.714747e+01	8.276222e-01	2025	1	15	6
	70	135	-136.250000	-22.500000	-3.757321e-04	1.003494e+05	5.022202e+00	1.470994e+01	1.462470e+04	1.463759e+04	1.420029e+04	9.128214e+01	8.493485e-01	2025	1	15	12
	73	135	-134.375000	-22.500000	-2.448332e-04	1.006969e+05	5.022202e+00	1.195521e+01	1.472274e+04	1.473332e+04	1.450198e+04	8.355862e+01	8.448860e-01	2025	1	16	0
	75	135	-133.125000	-22.500000	-2.112974e-04	1.009207e+05	5.022202e+00	1.284407e+01	1.487979e+04	1.489114e+04	1.467004e+04	8.019789e+01	8.454889e-01	2025	1	16	6
	76	134	-132.500000	-23.000000	-3.441346e-04	1.005531e+05	1.472015e-01	1.648294e+01	1.468261e+04	1.469279e+04	1.436284e+04	8.399980e+01	8.579236e-01	2025	1	16	12
start	13	2025	1	13	6
	471	146	114.375000	-17.000000	-4.529269e-05	1.004914e+05	0.000000e+00	4.778574e+00	1.441622e+04	1.442162e+04	1.437319e+04	8.381897e+01	7.633988e-01	2025	1	13	6
	468	144	112.500000	-18.000000	-3.862015e-05	1.005759e+05	0.000000e+00	4.919275e+00	1.448849e+04	1.449527e+04	1.444708e+04	7.907826e+01	7.052205e-01	2025	1	13	12
	471	143	114.375000	-18.500000	-1.195882e-04	1.006032e+05	2.097015e-01	1.109242e+01	1.463422e+04	1.464245e+04	1.451347e+04	8.591037e+01	7.690489e-01	2025	1	14	0
	470	142	113.750000	-19.000000	-3.162189e-04	1.003198e+05	3.972015e-01	1.263913e+01	1.452026e+04	1.452507e+04	1.428748e+04	7.995285e+01	7.368990e-01	2025	1	14	6
	467	144	111.875000	-18.000000	-2.528003e-04	1.003274e+05	0.000000e+00	1.386143e+01	1.457831e+04	1.459167e+04	1.429394e+04	8.084676e+01	7.381588e-01	2025	1	15	0
	467	145	111.875000	-17.500000	-2.894211e-04	1.000066e+05	0.000000e+00	1.224633e+01	1.437839e+04	1.439199e+04	1.403457e+04	8.235425e+01	7.436683e-01	2025	1	15	6
	467	145	111.875000	-17.500000	-2.590113e-04	1.001475e+05	0.000000e+00	1.175988e+01	1.443369e+04	1.444925e+04	1.417708e+04	8.214867e+01	7.189252e-01	2025	1	15	12
	467	144	111.875000	-18.000000	-3.358803e-04	9.979627e+04	0.000000e+00	1.345245e+01	1.438928e+04	1.440337e+04	1.388245e+04	8.439126e+01	7.117394e-01	2025	1	16	0
	467	144	111.875000	-18.000000	-2.712344e-04	9.979997e+04	0.000000e+00	1.170560e+01	1.420605e+04	1.422080e+04	1.388823e+04	8.504736e+01	7.056901e-01	2025	1	16	6
	468	144	112.500000	-18.000000	-2.125302e-04	9.994562e+04	0.000000e+00	1.096932e+01	1.426578e+04	1.427771e+04	1.404222e+04	8.648669e+01	7.416972e-01	2025	1	16	12
	469	145	113.125000	-17.500000	-1.881395e-04	9.995845e+04	0.000000e+00	1.343007e+01	1.425612e+04	1.426964e+04	1.406181e+04	8.837231e+01	7.974933e-01	2025	1	17	0
	471	146	114.375000	-17.000000	-1.615198e-04	9.974796e+04	0.000000e+00	1.252686e+01	1.405793e+04	1.407058e+04	1.388441e+04	8.727019e+01	8.359219e-01	2025	1	17	6
	472	147	115.000000	-16.500000	-1.369813e-04	9.984989e+04	0.000000e+00	1.279777e+01	1.412379e+04	1.413204e+04	1.399617e+04	8.766779e+01	8.493333e-01	2025	1	17	12
start	4	2025	1	13	6
	5	156	-176.875000	-12.000000	-1.007595e-04	1.007277e+05	3.897202e+00	1.043496e+01	1.466847e+04	1.466967e+04	1.458666e+04	8.443149e+01	8.279209e-01	2025	1	13	6
	6	158	-176.250000	-11.000000	-2.075528e-04	1.006852e+05	3.897202e+00	1.137654e+01	1.463718e+04	1.463821e+04	1.453505e+04	8.443578e+01	7.976708e-01	2025	1	13	12
	3	162	-178.125000	-9.000000	-1.987644e-04	1.008137e+05	2.220154e-02	9.449985e+00	1.470889e+04	1.470763e+04	1.462621e+04	7.534881e+01	7.241403e-01	2025	1	14	12
	5	162	-176.875000	-9.000000	-7.998363e-05	1.007927e+05	0.000000e+00	7.126183e+00	1.466618e+04	1.466737e+04	1.464268e+04	7.919673e+01	7.430868e-01	2025	1	15	0
start	8	2025	1	13	12
	14	153	-171.250000	-13.500000	-1.713376e-04	1.006614e+05	6.345847e+02	9.261053e+00	1.456946e+04	1.457515e+04	1.446574e+04	8.069831e+01	7.838368e-01	2025	1	13	12
	17	154	-169.375000	-13.000000	-2.047104e-04	1.005254e+05	3.164720e+01	1.346716e+01	1.458020e+04	1.458477e+04	1.440944e+04	8.512269e+01	7.965479e-01	2025	1	14	0
	19	154	-168.125000	-13.000000	-3.949131e-04	1.003634e+05	1.977220e+01	1.676020e+01	1.458731e+04	1.459535e+04	1.429184e+04	8.852898e+01	8.002942e-01	2025	1	14	6
	21	151	-166.875000	-14.500000	-4.060646e-04	1.001840e+05	0.000000e+00	1.550554e+01	1.456896e+04	1.457528e+04	1.410416e+04	8.404548e+01	7.431948e-01	2025	1	14	12
	21	150	-166.875000	-15.000000	-3.302796e-04	1.004727e+05	0.000000e+00	1.395788e+01	1.460595e+04	1.461496e+04	1.432814e+04	7.710434e+01	6.819808e-01	2025	1	15	0
	21	150	-166.875000	-15.000000	-2.947963e-04	1.006751e+05	0.000000e+00	1.295144e+01	1.472420e+04	1.472986e+04	1.451469e+04	8.203869e+01	7.077060e-01	2025	1	15	6
	20	149	-167.500000	-15.500000	-1.874825e-04	1.007503e+05	0.000000e+00	1.183289e+01	1.468435e+04	1.468894e+04	1.457224e+04	8.366224e+01	7.521311e-01	2025	1	15	12
	18	149	-168.750000	-15.500000	-1.128777e-04	1.008476e+05	1.977220e+01	9.280345e+00	1.472795e+04	1.473178e+04	1.466938e+04	7.753789e+01	7.507200e-01	2025	1	16	0
start	5	2025	1	14	0
	393	160	65.625000	-10.000000	-8.901312e-05	1.007736e+05	0.000000e+00	8.646290e+00	1.461729e+04	1.462051e+04	1.455330e+04	7.855332e+01	7.760422e-01	2025	1	14	0
	392	160	65.000000	-10.000000	-9.246769e-05	1.010263e+05	0.000000e+00	8.906077e+00	1.484715e+04	1.485083e+04	1.478429e+04	7.692696e+01	7.616398e-01	2025	1	14	6
	391	157	64.375000	-11.500000	-1.903570e-04	1.007078e+05	0.000000e+00	9.532160e+00	1.466061e+04	1.466325e+04	1.453334e+04	7.617630e+01	7.593629e-01	2025	1	14	12
	389	158	63.125000	-11.000000	-1.133161e-04	1.008679e+05	0.000000e+00	9.106079e+00	1.474766e+04	1.475000e+04	1.467401e+04	7.679362e+01	7.615425e-01	2025	1	15	0
	387	158	61.875000	-11.000000	-1.647935e-04	1.010269e+05	0.000000e+00	9.625606e+00	1.491463e+04	1.491867e+04	1.481244e+04	7.717941e+01	7.640674e-01	2025	1	15	6
start	4	2025	1	15	6
	430	164	88.750000	-8.000000	-6.115677e-05	1.009514e+05	0.000000e+00	7.170071e+00	1.469441e+04	1.469790e+04	1.466561e+04	8.482091e+01	7.654305e-01	2025	1	15	6
	433	161	90.625000	-9.500000	-5.973592e-05	1.008551e+05	0.000000e+00	7.168044e+00	1.465361e+04	1.465849e+04	1.462101e+04	8.113058e+01	7.188181e-01	2025	1	16	6
	435	159	91.875000	-10.500000	-1.388596e-04	1.007349e+05	0.000000e+00	7.054363e+00	1.459437e+04	1.459816e+04	1.452633e+04	7.725682e+01	7.008545e-01	2025	1	17	6
	435	160	91.875000	-10.000000	-1.918333e-04	1.005738e+05	0.000000e+00	8.930427e+00	1.450111e+04	1.450329e+04	1.442120e+04	7.583239e+01	7.108290e-01	2025	1	17	12
start	11	2025	1	15	12
	400	159	70.000000	-10.500000	-1.203044e-04	1.006786e+05	0.000000e+00	1.002215e+01	1.461959e+04	1.462652e+04	1.450725e+04	7.711716e+01	7.536074e-01	2025	1	15	12
	398	160	68.750000	-10.000000	-2.499936e-04	1.005252e+05	0.000000e+00	1.085676e+01	1.467279e+04	1.467775e+04	1.439549e+04	7.637640e+01	7.921867e-01	2025	1	16	0
	398	160	68.750000	-10.000000	-2.424406e-04	1.008145e+05	0.000000e+00	1.091172e+01	1.485183e+04	1.485351e+04	1.463068e+04	7.678995e+01	7.832327e-01	2025	1	16	6
	398	161	68.750000	-9.500000	-1.500850e-04	1.006625e+05	0.000000e+00	7.655896e+00	1.462721e+04	1.463052e+04	1.452161e+04	7.545111e+01	7.845551e-01	2025	1	16	12
	398	161	68.750000	-9.500000	-2.478536e-04	1.005402e+05	0.000000e+00	9.911226e+00	1.459651e+04	1.460175e+04	1.438351e+04	7.933218e+01	7.672407e-01	2025	1	17	0
	397	161	68.125000	-9.500000	-2.352323e-04	1.007591e+05	0.000000e+00	1.117780e+01	1.474999e+04	1.475043e+04	1.458533e+04	8.206392e+01	7.822473e-01	2025	1	17	6
	397	160	68.125000	-10.000000	-1.573545e-04	1.005729e+05	0.000000e+00	8.895763e+00	1.452882e+04	1.453330e+04	1.444759e+04	8.029401e+01	7.755275e-01	2025	1	17	12
	397	159	68.125000	-10.500000	-1.167769e-04	1.006603e+05	0.000000e+00	6.966196e+00	1.456298e+04	1.456526e+04	1.451195e+04	7.657281e+01	7.855374e-01	2025	1	18	0
	397	163	68.125000	-8.500000	-6.360223e-05	1.006219e+05	0.000000e+00	6.289926e+00	1.450748e+04	1.451200e+04	1.447375e+04	7.656292e+01	7.838280e-01	2025	1	19	0
	400	163	70.000000	-8.500000	-3.275599e-05	1.008263e+05	2.220154e-02	6.220506e+00	1.467872e+04	1.468363e+04	1.465478e+04	7.876184e+01	7.661487e-01	2025	1	19	6
	398	164	68.750000	-8.000000	-6.359596e-05	1.005536e+05	0.000000e+00	6.734744e+00	1.445981e+04	1.446372e+04	1.442794e+04	8.339530e+01	8.025073e-01	2025	1	19	12
start	4	2025	1	16	0
	390	166	63.750000	-7.000000	-2.579013e-05	1.009029e+05	0.000000e+00	6.526765e+00	1.467980e+04	1.468245e+04	1.465734e+04	8.360281e+01	8.064877e-01	2025	1	16	0
	388	167	62.500000	-6.500000	-2.630814e-04	1.006395e+05	0.000000e+00	1.325146e+01	1.459568e+04	1.459938e+04	1.447705e+04	7.890025e+01	7.685261e-01	2025	1	17	0
	384	164	60.000000	-8.000000	-1.230901e-04	1.007729e+05	0.000000e+00	9.024386e+00	1.457714e+04	1.457875e+04	1.454270e+04	7.676123e+01	7.675448e-01	2025	1	18	0
	386	165	61.250000	-7.500000	-8.577497e-05	1.006605e+05	0.000000e+00	8.348397e+00	1.449186e+04	1.449330e+04	1.445609e+04	8.266520e+01	8.202308e-01	2025	1	18	12
start	23	2025	1	16	6
	482	144	121.250000	-18.000000	-2.072472e-04	9.992847e+04	1.679210e+03	1.017732e+01	1.422162e+04	1.423409e+04	1.397181e+04	9.041406e+01	8.355570e-01	2025	1	16	6
	482	144	121.250000	-18.000000	-3.488995e-04	9.992860e+04	1.679210e+03	1.350387e+01	1.434152e+04	1.435217e+04	1.398552e+04	8.691599e+01	8.017008e-01	2025	1	16	12
	482	143	121.250000	-18.500000	-3.106381e-04	9.975771e+04	1.798710e+03	1.381093e+01	1.428063e+04	1.429628e+04	1.385115e+04	8.648154e+01	8.118240e-01	2025	1	17	0
	479	142	119.375000	-19.000000	-4.250062e-04	9.941341e+04	1.720210e+03	1.418330e+01	1.398854e+04	1.400779e+04	1.354696e+04	8.398882e+01	8.262641e-01	2025	1	17	6
	480	142	120.000000	-19.000000	-4.267876e-04	9.951380e+04	2.138710e+03	1.484650e+01	1.409924e+04	1.412141e+04	1.361407e+04	8.737778e+01	8.076116e-01	2025	1	17	12
	478	141	118.750000	-19.500000	-3.361947e-04	9.929112e+04	2.316710e+03	1.697205e+01	1.405356e+04	1.408292e+04	1.346248e+04	8.575213e+01	8.168831e-01	2025	1	18	0
	477	141	118.125000	-19.500000	-5.392499e-04	9.892752e+04	2.629710e+03	2.125935e+01	1.395313e+04	1.398380e+04	1.309819e+04	8.578984e+01	8.222759e-01	2025	1	18	6
	477	142	118.125000	-19.000000	-6.090635e-04	9.853670e+04	8.952097e+02	2.097518e+01	1.398782e+04	1.402659e+04	1.272423e+04	8.269057e+01	8.294168e-01	2025	1	18	12
	474	141	116.250000	-19.500000	-6.454401e-04	9.793910e+04	1.500210e+03	2.568559e+01	1.385448e+04	1.390796e+04	1.220717e+04	8.801168e+01	8.498037e-01	2025	1	19	0
	473	141	115.625000	-19.500000	-6.414155e-04	9.836792e+04	9.987097e+02	2.214235e+01	1.376150e+04	1.381614e+04	1.255730e+04	9.357335e+01	8.583746e-01	2025	1	19	6
	471	140	114.375000	-20.000000	-5.269813e-04	9.865282e+04	2.407644e+02	1.873026e+01	1.387791e+04	1.393414e+04	1.284870e+04	9.338225e+01	8.219448e-01	2025	1	19	12
	468	138	112.500000	-21.000000	-4.827129e-04	9.818567e+04	4.240847e+02	1.966915e+01	1.375500e+04	1.382743e+04	1.246323e+04	9.201076e+01	7.915612e-01	2025	1	20	0
	467	137	111.875000	-21.500000	-4.418519e-04	9.817703e+04	1.014597e+02	2.042928e+01	1.367773e+04	1.375301e+04	1.247956e+04	9.360245e+01	7.976369e-01	2025	1	20	6
	466	135	111.250000	-22.500000	-4.358451e-04	9.828761e+04	0.000000e+00	2.292657e+01	1.374208e+04	1.382981e+04	1.255043e+04	9.374269e+01	7.591382e-01	2025	1	20	12
	463	132	109.375000	-24.000000	-4.417036e-04	9.821178e+04	0.000000e+00	2.288239e+01	1.372803e+04	1.381184e+04	1.247746e+04	9.334363e+01	7.933055e-01	2025	1	21	0
	461	130	108.125000	-25.000000	-5.085033e-04	9.826173e+04	0.000000e+00	2.378654e+01	1.369537e+04	1.377458e+04	1.242612e+04	9.458665e+01	8.218205e-01	2025	1	21	6
	460	127	107.500000	-26.500000	-4.306317e-04	9.842178e+04	0.000000e+00	1.916557e+01	1.376270e+04	1.384495e+04	1.253375e+04	9.422516e+01	8.312274e-01	2025	1	21	12
	459	126	106.875000	-27.000000	-3.584811e-04	9.896604e+04	0.000000e+00	1.690136e+01	1.386841e+04	1.395107e+04	1.294536e+04	9.682896e+01	9.071273e-01	2025	1	22	0
	459	124	106.875000	-28.000000	-3.308223e-04	9.909107e+04	0.000000e+00	1.895745e+01	1.389359e+04	1.396984e+04	1.303291e+04	9.666162e+01	8.872221e-01	2025	1	22	6
	459	124	106.875000	-28.000000	-3.079092e-04	9.933266e+04	0.000000e+00	2.017810e+01	1.400175e+04	1.407147e+04	1.325072e+04	9.649208e+01	8.769104e-01	2025	1	22	12
	460	122	107.500000	-29.000000	-2.099178e-04	9.975315e+04	0.000000e+00	1.671723e+01	1.415597e+04	1.421867e+04	1.362966e+04	9.055106e+01	8.290327e-01	2025	1	23	0
	461	119	108.125000	-30.500000	-1.880971e-04	9.983095e+04	0.000000e+00	1.532139e+01	1.414250e+04	1.420156e+04	1.367061e+04	8.926968e+01	7.645801e-01	2025	1	23	6
	461	117	108.125000	-31.500000	-1.739162e-04	9.999782e+04	0.000000e+00	1.610556e+01	1.419772e+04	1.424790e+04	1.377162e+04	9.029525e+01	7.302858e-01	2025	1	23	12
start	10	2025	1	16	12
	254	168	-21.250000	-6.000000	-9.960611e-06	1.011845e+05	0.000000e+00	5.528016e+00	1.487484e+04	1.487640e+04	1.485890e+04	8.222769e+01	8.437511e-01	2025	1	16	12
	257	171	-19.375000	-4.500000	-1.188692e-04	1.012501e+05	0.000000e+00	6.842770e+00	1.493819e+04	1.493807e+04	1.489677e+04	8.528910e+01	7.764971e-01	2025	1	17	12
	255	170	-20.625000	-5.000000	-1.226529e-04	1.014093e+05	0.000000e+00	6.499578e+00	1.505965e+04	1.505992e+04	1.501987e+04	8.132610e+01	7.909966e-01	2025	1	18	0
	254	170	-21.250000	-5.000000	-1.465697e-04	1.011857e+05	0.000000e+00	6.753512e+00	1.487914e+04	1.487954e+04	1.481980e+04	8.049522e+01	8.113518e-01	2025	1	18	6
	252	168	-22.500000	-6.000000	-1.198278e-04	1.013596e+05	0.000000e+00	7.660197e+00	1.500561e+04	1.500622e+04	1.497769e+04	8.373437e+01	8.157452e-01	2025	1	18	12
	248	167	-25.000000	-6.500000	-6.792803e-05	1.013887e+05	0.000000e+00	7.319526e+00	1.504384e+04	1.504581e+04	1.500454e+04	8.426368e+01	8.096199e-01	2025	1	19	0
	246	166	-26.250000	-7.000000	-5.196927e-05	1.011003e+05	0.000000e+00	6.978086e+00	1.481257e+04	1.481461e+04	1.476545e+04	8.624259e+01	8.312278e-01	2025	1	19	6
	242	165	-28.750000	-7.500000	-6.508675e-05	1.012531e+05	0.000000e+00	7.072511e+00	1.497172e+04	1.497455e+04	1.491370e+04	8.245500e+01	7.767615e-01	2025	1	19	12
	240	164	-30.000000	-8.000000	-1.285538e-04	1.013074e+05	0.000000e+00	7.010093e+00	1.502430e+04	1.502476e+04	1.494762e+04	7.742818e+01	7.542023e-01	2025	1	20	0
	239	163	-30.625000	-8.500000	-9.666512e-05	1.011605e+05	0.000000e+00	6.852214e+00	1.488699e+04	1.488598e+04	1.482758e+04	7.599460e+01	7.517067e-01	2025	1	20	6
start	5	2025	1	17	12
	17	150	-169.375000	-15.000000	-8.234307e-05	1.009403e+05	2.695970e+01	5.095990e+00	1.476678e+04	1.476824e+04	1.473097e+04	8.411112e+01	7.919109e-01	2025	1	17	12
	19	148	-168.125000	-16.000000	-1.049988e-04	1.007985e+05	7.709702e+00	6.160706e+00	1.466933e+04	1.467120e+04	1.460759e+04	8.202572e+01	7.507887e-01	2025	1	18	0
	19	147	-168.125000	-16.500000	-9.004604e-05	1.008242e+05	0.000000e+00	7.131373e+00	1.470161e+04	1.470176e+04	1.465389e+04	8.228397e+01	7.561585e-01	2025	1	18	6
	19	146	-168.125000	-17.000000	-1.048657e-04	1.007488e+05	8.470154e-02	8.239362e+00	1.467880e+04	1.467914e+04	1.456257e+04	8.072803e+01	7.655132e-01	2025	1	18	12
	19	143	-168.125000	-18.500000	-1.208179e-04	1.008299e+05	1.564720e+01	7.221818e+00	1.468447e+04	1.468253e+04	1.462030e+04	7.736483e+01	7.468624e-01	2025	1	19	0
start	4	2025	1	18	0
	429	164	88.125000	-8.000000	-2.600387e-04	1.004402e+05	0.000000e+00	9.769422e+00	1.446794e+04	1.447550e+04	1.430257e+04	7.951083e+01	7.051357e-01	2025	1	18	0
	429	164	88.125000	-8.000000	-2.078072e-04	1.006218e+05	0.000000e+00	8.952011e+00	1.459199e+04	1.459581e+04	1.444043e+04	7.505813e+01	7.204682e-01	2025	1	18	6
	430	165	88.750000	-7.500000	-1.882077e-04	1.004816e+05	0.000000e+00	8.787533e+00	1.446937e+04	1.447443e+04	1.435705e+04	7.703550e+01	7.403294e-01	2025	1	18	12
	431	166	89.375000	-7.000000	-2.079390e-04	1.005860e+05	0.000000e+00	9.656695e+00	1.450908e+04	1.451251e+04	1.441371e+04	7.567109e+01	7.588410e-01	2025	1	19	0
start	5	2025	1	18	6
	146	155	-88.750000	-12.500000	-3.466769e-05	1.015421e+05	0.000000e+00	5.689198e+00	1.488673e+04	1.489107e+04	1.484513e+04	7.834972e+01	8.292806e-01	2025	1	18	6
	146	155	-88.750000	-12.500000	-5.078167e-05	1.015568e+05	0.000000e+00	6.247447e+00	1.490344e+04	1.490790e+04	1.485208e+04	9.041901e+01	9.364587e-01	2025	1	18	12
	146	155	-88.750000	-12.500000	-5.807493e-05	1.014644e+05	0.000000e+00	5.121202e+00	1.489173e+04	1.489528e+04	1.485655e+04	7.817120e+01	8.124087e-01	2025	1	19	0
	145	154	-89.375000	-13.000000	-6.186119e-05	1.015982e+05	0.000000e+00	5.542935e+00	1.495825e+04	1.496266e+04	1.491281e+04	7.686032e+01	7.720455e-01	2025	1	19	6
	143	155	-90.625000	-12.500000	-5.773073e-05	1.015374e+05	0.000000e+00	5.467634e+00	1.489299e+04	1.489675e+04	1.485240e+04	8.578056e+01	8.399165e-01	2025	1	19	12
start	7	2025	1	19	0
	404	151	72.500000	-14.500000	-8.284910e-05	1.006898e+05	0.000000e+00	1.047013e+01	1.458187e+04	1.458468e+04	1.453135e+04	8.446138e+01	7.924122e-01	2025	1	19	0
	405	156	73.125000	-12.000000	-1.476800e-04	1.006087e+05	0.000000e+00	1.145471e+01	1.452989e+04	1.453286e+04	1.445858e+04	8.621316e+01	8.397492e-01	2025	1	20	0
	402	156	71.250000	-12.000000	-1.821106e-04	1.007612e+05	0.000000e+00	1.170893e+01	1.466779e+04	1.467363e+04	1.459342e+04	7.878848e+01	7.457968e-01	2025	1	20	6
	400	156	70.000000	-12.000000	-1.386614e-04	1.005212e+05	0.000000e+00	1.164060e+01	1.450034e+04	1.450699e+04	1.440017e+04	8.112161e+01	8.096685e-01	2025	1	21	0
	404	158	72.500000	-11.000000	-1.099769e-04	1.004753e+05	0.000000e+00	1.012051e+01	1.440618e+04	1.441220e+04	1.433998e+04	8.878490e+01	8.622866e-01	2025	1	21	12
	405	157	73.125000	-11.500000	-2.260281e-04	1.005910e+05	0.000000e+00	1.219052e+01	1.457447e+04	1.458082e+04	1.445188e+04	8.735610e+01	8.411713e-01	2025	1	22	6
	404	157	72.500000	-11.500000	-2.570316e-04	1.003916e+05	0.000000e+00	1.038348e+01	1.441695e+04	1.441790e+04	1.429085e+04	8.650301e+01	8.619142e-01	2025	1	22	12
start	9	2025	1	19	0
	373	158	53.125000	-11.000000	-1.567276e-04	1.006432e+05	2.220154e-02	8.170201e+00	1.455193e+04	1.455901e+04	1.444776e+04	7.624543e+01	7.828332e-01	2025	1	19	0
	373	157	53.125000	-11.500000	-1.499138e-04	1.009178e+05	0.000000e+00	8.520969e+00	1.481248e+04	1.481840e+04	1.472522e+04	7.583157e+01	7.576295e-01	2025	1	19	6
	373	157	53.125000	-11.500000	-2.398819e-04	1.004698e+05	0.000000e+00	1.054772e+01	1.454640e+04	1.455224e+04	1.433702e+04	7.911477e+01	7.679326e-01	2025	1	19	12
	372	157	52.500000	-11.500000	-1.597581e-04	1.006465e+05	8.470154e-02	8.229009e+00	1.460161e+04	1.460473e+04	1.451178e+04	8.302780e+01	7.930527e-01	2025	1	20	0
	372	157	52.500000	-11.500000	-1.299811e-04	1.009263e+05	8.470154e-02	8.756415e+00	1.484156e+04	1.484573e+04	1.475208e+04	8.208423e+01	7.837748e-01	2025	1	20	6
	371	158	51.875000	-11.000000	-1.269592e-04	1.007190e+05	8.470154e-02	8.560188e+00	1.465141e+04	1.465369e+04	1.457935e+04	8.532703e+01	8.046004e-01	2025	1	20	12
	370	159	51.250000	-10.500000	-1.006559e-04	1.008171e+05	8.347015e-01	8.215924e+00	1.472395e+04	1.472720e+04	1.466658e+04	8.584465e+01	7.801101e-01	2025	1	21	0
	369	159	50.625000	-10.500000	-9.841205e-05	1.010044e+05	4.164720e+01	7.587348e+00	1.490046e+04	1.490289e+04	1.483714e+04	8.226857e+01	7.413114e-01	2025	1	21	6
	365	158	48.125000	-11.000000	-6.570851e-05	1.008480e+05	1.472210e+03	6.225421e+00	1.472875e+04	1.472860e+04	1.462883e+04	7.597093e+01	7.247630e-01	2025	1	22	0
start	6	2025	1	19	12
	414	160	78.750000	-10.000000	-6.778999e-05	1.006016e+05	0.000000e+00	6.233106e+00	1.446083e+04	1.446651e+04	1.441821e+04	7.768220e+01	8.056382e-01	2025	1	19	12
	417	159	80.625000	-10.500000	-6.977988e-05	1.006392e+05	0.000000e+00	9.281502e+00	1.451424e+04	1.451867e+04	1.446749e+04	7.777734e+01	7.333061e-01	2025	1	20	0
	415	159	79.375000	-10.500000	-1.223118e-04	1.008026e+05	0.000000e+00	9.578278e+00	1.465355e+04	1.465750e+04	1.460067e+04	8.060256e+01	7.444812e-01	2025	1	20	6
	411	157	76.875000	-11.500000	-1.436244e-04	1.006047e+05	0.000000e+00	1.026778e+01	1.451684e+04	1.451912e+04	1.444465e+04	8.611529e+01	8.173848e-01	2025	1	20	12
	412	157	77.500000	-11.500000	-2.622638e-04	1.005488e+05	0.000000e+00	1.137592e+01	1.452629e+04	1.453195e+04	1.438324e+04	7.652532e+01	7.837607e-01	2025	1	21	0
	412	157	77.500000	-11.500000	-1.604583e-04	1.006985e+05	0.000000e+00	1.039330e+01	1.460261e+04	1.460692e+04	1.451506e+04	7.681865e+01	7.772232e-01	2025	1	21	6
start	9	2025	1	20	0
	356	133	42.500000	-23.500000	-1.107453e-04	1.004751e+05	5.519709e+03	1.054727e+01	1.455403e+04	1.456732e+04	1.443278e+04	8.245642e+01	7.437640e-01	2025	1	20	0
	355	132	41.875000	-24.000000	-8.979561e-05	1.007105e+05	2.368710e+03	9.080831e+00	1.470782e+04	1.472075e+04	1.458723e+04	8.160929e+01	7.672843e-01	2025	1	20	6
	354	132	41.250000	-24.000000	-1.009037e-04	1.006795e+05	3.764720e+01	8.171564e+00	1.468116e+04	1.469303e+04	1.456181e+04	8.065766e+01	7.602535e-01	2025	1	20	12
	352	131	40.000000	-24.500000	-1.055780e-04	1.007444e+05	2.220154e-02	8.633623e+00	1.472919e+04	1.474061e+04	1.461925e+04	8.067228e+01	7.689521e-01	2025	1	21	0
	349	134	38.125000	-23.000000	-9.483701e-05	1.009049e+05	2.220154e-02	1.049898e+01	1.481850e+04	1.483143e+04	1.472214e+04	7.854512e+01	7.874830e-01	2025	1	21	6
	349	134	38.125000	-23.000000	-2.145002e-04	1.005816e+05	2.220154e-02	1.212162e+01	1.468793e+04	1.470820e+04	1.443566e+04	8.012286e+01	7.999144e-01	2025	1	21	12
	347	138	36.875000	-21.000000	-1.000427e-04	1.006284e+05	4.559597e+02	1.103076e+01	1.465534e+04	1.467057e+04	1.451063e+04	7.613124e+01	8.124325e-01	2025	1	22	0
	346	139	36.250000	-20.500000	-1.101582e-04	1.007957e+05	1.217210e+03	9.318162e+00	1.477678e+04	1.479147e+04	1.464612e+04	7.703022e+01	8.278254e-01	2025	1	22	6
	346	140	36.250000	-20.000000	-1.170307e-04	1.006117e+05	1.483710e+03	9.599937e+00	1.465075e+04	1.466155e+04	1.454434e+04	8.045812e+01	8.264185e-01	2025	1	22	12
start	5	2025	1	21	0
	424	162	85.000000	-9.000000	-1.458233e-04	1.006646e+05	0.000000e+00	7.529472e+00	1.455111e+04	1.455322e+04	1.447957e+04	8.593821e+01	7.781184e-01	2025	1	21	0
	425	163	85.625000	-8.500000	-2.413039e-04	1.005744e+05	0.000000e+00	9.851024e+00	1.456682e+04	1.456903e+04	1.442105e+04	8.456247e+01	7.533469e-01	2025	1	21	6
	426	164	86.250000	-8.000000	-2.137471e-04	1.004739e+05	0.000000e+00	1.100242e+01	1.444962e+04	1.444994e+04	1.434525e+04	8.196131e+01	7.724673e-01	2025	1	21	12
	430	165	88.750000	-7.500000	-2.323905e-04	1.006035e+05	0.000000e+00	1.006903e+01	1.452125e+04	1.452118e+04	1.442696e+04	7.989014e+01	7.836528e-01	2025	1	22	0
	432	165	90.000000	-7.500000	-1.731613e-04	1.007974e+05	0.000000e+00	8.497965e+00	1.461914e+04	1.461975e+04	1.456571e+04	7.661196e+01	7.299975e-01	2025	1	22	6
start	6	2025	1	21	6
	393	159	65.625000	-10.500000	-1.715531e-04	1.006882e+05	0.000000e+00	1.211383e+01	1.466652e+04	1.467284e+04	1.455893e+04	8.244648e+01	7.953029e-01	2025	1	21	6
	392	160	65.000000	-10.000000	-2.337204e-04	1.004523e+05	0.000000e+00	1.077378e+01	1.442676e+04	1.442947e+04	1.433785e+04	8.229435e+01	7.699147e-01	2025	1	21	12
	394	159	66.250000	-10.500000	-2.564865e-04	1.003375e+05	0.000000e+00	1.147575e+01	1.442840e+04	1.444108e+04	1.426253e+04	8.618674e+01	8.245183e-01	2025	1	22	0
	394	159	66.250000	-10.500000	-1.676600e-04	1.003516e+05	0.000000e+00	1.111917e+01	1.440077e+04	1.440890e+04	1.427717e+04	8.427921e+01	8.069391e-01	2025	1	22	12
	394	156	66.250000	-12.000000	-1.113534e-04	1.007396e+05	0.000000e+00	8.252251e+00	1.464704e+04	1.465314e+04	1.456371e+04	7.535921e+01	7.050892e-01	2025	1	23	6
	395	157	66.875000	-11.500000	-1.111437e-04	1.004898e+05	0.000000e+00	9.648705e+00	1.441785e+04	1.442500e+04	1.434504e+04	7.614581e+01	7.299041e-01	2025	1	23	12
start	24	2025	1	22	0
	411	164	76.875000	-8.000000	-9.665998e-05	1.003768e+05	0.000000e+00	1.242852e+01	1.442075e+04	1.442561e+04	1.429970e+04	8.599472e+01	8.343684e-01	2025	1	22	0
	413	163	78.125000	-8.500000	-2.151378e-04	1.005664e+05	0.000000e+00	1.398793e+01	1.461155e+04	1.461450e+04	1.441555e+04	8.371826e+01	8.198462e-01	2025	1	22	6
	415	163	79.375000	-8.500000	-2.083311e-04	1.003972e+05	0.000000e+00	1.325908e+01	1.439939e+04	1.440705e+04	1.425802e+04	8.054492e+01	8.042306e-01	2025	1	22	12
	419	160	81.875000	-10.000000	-3.801533e-04	1.001278e+05	0.000000e+00	1.403114e+01	1.444327e+04	1.445471e+04	1.405745e+04	9.191895e+01	8.489506e-01	2025	1	23	0
	420	159	82.500000	-10.500000	-4.171736e-04	1.000540e+05	0.000000e+00	1.556232e+01	1.451358e+04	1.452891e+04	1.401637e+04	8.737583e+01	8.414688e-01	2025	1	23	6
	420	158	82.500000	-11.000000	-5.011537e-04	1.000275e+05	0.000000e+00	1.486333e+01	1.432542e+04	1.433791e+04	1.396763e+04	8.675901e+01	8.316180e-01	2025	1	23	12
	420	157	82.500000	-11.500000	-3.513558e-04	9.998491e+04	0.000000e+00	1.427408e+01	1.428152e+04	1.429566e+04	1.394669e+04	9.238052e+01	9.129583e-01	2025	1	24	0
	420	157	82.500000	-11.500000	-2.236548e-04	1.002700e+05	0.000000e+00	1.298478e+01	1.441718e+04	1.443052e+04	1.419441e+04	9.154034e+01	9.003569e-01	2025	1	24	6
	419	156	81.875000	-12.000000	-3.144932e-04	1.000043e+05	0.000000e+00	1.504815e+01	1.425243e+04	1.426684e+04	1.398149e+04	9.210761e+01	8.896056e-01	2025	1	24	12
	417	155	80.625000	-12.500000	-3.317854e-04	9.996859e+04	0.000000e+00	1.506266e+01	1.431481e+04	1.433132e+04	1.395440e+04	9.191923e+01	8.792773e-01	2025	1	25	0
	415	155	79.375000	-12.500000	-3.974935e-04	1.000412e+05	0.000000e+00	1.732877e+01	1.444203e+04	1.445837e+04	1.399749e+04	8.725863e+01	8.387599e-01	2025	1	25	6
	414	154	78.750000	-13.000000	-4.445495e-04	9.984598e+04	0.000000e+00	1.966594e+01	1.434867e+04	1.436247e+04	1.383557e+04	8.677230e+01	8.631718e-01	2025	1	25	12
	412	155	77.500000	-12.500000	-3.110193e-04	1.000981e+05	0.000000e+00	1.314013e+01	1.441945e+04	1.443666e+04	1.407777e+04	8.681450e+01	8.741933e-01	2025	1	26	0
	412	154	77.500000	-13.000000	-3.532298e-04	1.001074e+05	0.000000e+00	1.535054e+01	1.450703e+04	1.452927e+04	1.409947e+04	8.989911e+01	8.644624e-01	2025	1	26	6
	411	154	76.875000	-13.000000	-3.540034e-04	9.982331e+04	0.000000e+00	1.430970e+01	1.432274e+04	1.434263e+04	1.386055e+04	8.861799e+01	8.683853e-01	2025	1	26	12
	410	154	76.250000	-13.000000	-4.065185e-04	9.953334e+04	0.000000e+00	1.806808e+01	1.429861e+04	1.431992e+04	1.361763e+04	8.002775e+01	8.498306e-01	2025	1	27	0
	409	155	75.625000	-12.500000	-4.659403e-04	9.975034e+04	0.000000e+00	1.841224e+01	1.438497e+04	1.440870e+04	1.377343e+04	7.865003e+01	8.455048e-01	2025	1	27	6
	408	156	75.000000	-12.000000	-3.651607e-04	9.958121e+04	0.000000e+00	1.705365e+01	1.417321e+04	1.420073e+04	1.361010e+04	7.705200e+01	8.241454e-01	2025	1	27	12
	408	157	75.000000	-11.500000	-4.657997e-04	9.933217e+04	0.000000e+00	1.760482e+01	1.416099e+04	1.419799e+04	1.340191e+04	8.260245e+01	8.196195e-01	2025	1	28	0
	408	156	75.000000	-12.000000	-4.325739e-04	9.945638e+04	0.000000e+00	1.782554e+01	1.433624e+04	1.437370e+04	1.351537e+04	8.920609e+01	8.176666e-01	2025	1	28	6
	408	155	75.000000	-12.500000	-4.418204e-04	9.936154e+04	0.000000e+00	1.742138e+01	1.420109e+04	1.423592e+04	1.345503e+04	9.165949e+01	8.110132e-01	2025	1	28	12
	410	155	76.250000	-12.500000	-3.451371e-04	9.952815e+04	0.000000e+00	1.575215e+01	1.427574e+04	1.431308e+04	1.364280e+04	9.018916e+01	8.208266e-01	2025	1	29	0
	409	152	75.625000	-14.000000	-5.263046e-04	9.947727e+04	0.000000e+00	1.725066e+01	1.447692e+04	1.450585e+04	1.359030e+04	9.086279e+01	8.250561e-01	2025	1	29	6
	408	151	75.000000	-14.500000	-3.325011e-04	9.961878e+04	0.000000e+00	1.517579e+01	1.434588e+04	1.437732e+04	1.373762e+04	8.980429e+01	7.819726e-01	2025	1	29	12
start	4	2025	1	22	12
	230	179	-36.250000	-0.500000	-4.952676e-06	1.013332e+05	0.000000e+00	6.527510e+00	1.502523e+04	1.502686e+04	1.500932e+04	7.772648e+01	7.761277e-01	2025	1	22	12
	232	179	-35.000000	-0.500000	-6.247553e-06	1.012770e+05	0.000000e+00	7.829749e+00	1.497651e+04	1.497711e+04	1.497313e+04	8.785185e+01	8.178083e-01	2025	1	23	12
	231	178	-35.625000	-1.000000	-1.582733e-05	1.012446e+05	0.000000e+00	7.953667e+00	1.501388e+04	1.501663e+04	1.495957e+04	8.473151e+01	7.659181e-01	2025	1	24	0
	229	178	-36.875000	-1.000000	-3.672940e-05	1.009157e+05	0.000000e+00	9.490825e+00	1.471069e+04	1.471407e+04	1.466493e+04	8.058456e+01	7.362635e-01	2025	1	24	6
start	6	2025	1	23	0
	411	157	76.875000	-11.500000	-2.634659e-04	1.004422e+05	0.000000e+00	1.089422e+01	1.444292e+04	1.444787e+04	1.427549e+04	8.711416e+01	8.537238e-01	2025	1	23	0
	410	157	76.250000	-11.500000	-2.547185e-04	1.005191e+05	0.000000e+00	1.147172e+01	1.452193e+04	1.453189e+04	1.433093e+04	8.426977e+01	8.198343e-01	2025	1	23	6
	410	157	76.250000	-11.500000	-2.907799e-04	1.002272e+05	0.000000e+00	1.111754e+01	1.432194e+04	1.433042e+04	1.411300e+04	8.526714e+01	8.451909e-01	2025	1	23	12
	411	159	76.875000	-10.500000	-3.907768e-04	1.000949e+05	0.000000e+00	1.494553e+01	1.428217e+04	1.428879e+04	1.400231e+04	9.086348e+01	8.681929e-01	2025	1	24	0
	412	159	77.500000	-10.500000	-3.068231e-04	1.002979e+05	0.000000e+00	1.289253e+01	1.443938e+04	1.444545e+04	1.417771e+04	8.904478e+01	8.689832e-01	2025	1	24	6
	415	155	79.375000	-12.500000	-3.974935e-04	1.000412e+05	0.000000e+00	1.732877e+01	1.444203e+04	1.445837e+04	1.399749e+04	8.725863e+01	8.387599e-01	2025	1	25	6
start	6	2025	1	23	12
	434	158	91.250000	-11.000000	-4.633371e-05	1.007114e+05	0.000000e+00	4.190650e+00	1.446869e+04	1.447094e+04	1.444648e+04	7.526793e+01	8.102978e-01	2025	1	23	12
	435	163	91.875000	-8.500000	-7.026327e-05	1.006644e+05	0.000000e+00	4.993558e+00	1.447012e+04	1.447034e+04	1.444189e+04	8.485996e+01	7.896314e-01	2025	1	24	0
	435	164	91.875000	-8.000000	-1.746704e-04	1.006325e+05	0.000000e+00	5.753844e+00	1.450042e+04	1.449995e+04	1.443304e+04	8.182185e+01	7.590922e-01	2025	1	24	12
	436	164	92.500000	-8.000000	-1.944270e-04	1.006733e+05	0.000000e+00	8.060596e+00	1.454800e+04	1.455047e+04	1.448515e+04	8.251515e+01	7.937222e-01	2025	1	25	0
	437	163	93.125000	-8.500000	-2.109937e-04	1.007152e+05	0.000000e+00	8.408500e+00	1.461547e+04	1.461824e+04	1.452185e+04	8.002208e+01	7.762491e-01	2025	1	25	6
	437	163	93.125000	-8.500000	-2.378736e-04	1.006180e+05	0.000000e+00	9.629974e+00	1.459461e+04	1.459555e+04	1.445972e+04	7.856176e+01	7.725479e-01	2025	1	25	12
start	4	2025	1	24	0
	378	158	56.250000	-11.000000	-5.094403e-05	1.006996e+05	8.470154e-02	7.498032e+00	1.449451e+04	1.449908e+04	1.446866e+04	8.014979e+01	7.326062e-01	2025	1	24	0
	379	161	56.875000	-9.500000	-7.287937e-05	1.006274e+05	8.470154e-02	8.864168e+00	1.445537e+04	1.445957e+04	1.441975e+04	8.280518e+01	7.436532e-01	2025	1	24	12
	382	163	58.750000	-8.500000	-6.893973e-05	1.006630e+05	0.000000e+00	8.058822e+00	1.449901e+04	1.450206e+04	1.445971e+04	8.329011e+01	7.904127e-01	2025	1	25	0
	385	163	60.625000	-8.500000	-8.143244e-05	1.008710e+05	0.000000e+00	8.520692e+00	1.466384e+04	1.466691e+04	1.463195e+04	7.735457e+01	7.730399e-01	2025	1	25	6
start	17	2025	1	24	6
	348	141	37.500000	-19.500000	-2.454862e-04	1.004235e+05	2.562097e+02	1.122424e+01	1.451683e+04	1.452857e+04	1.431761e+04	8.728975e+01	8.478127e-01	2025	1	24	6
	348	141	37.500000	-19.500000	-2.833873e-04	1.000179e+05	2.562097e+02	1.211483e+01	1.428591e+04	1.430248e+04	1.397968e+04	8.430069e+01	8.608975e-01	2025	1	24	12
	349	142	38.125000	-19.000000	-2.772907e-04	9.986396e+04	6.058347e+02	1.218382e+01	1.421174e+04	1.423255e+04	1.386548e+04	8.356225e+01	8.451509e-01	2025	1	25	0
	349	142	38.125000	-19.000000	-3.761951e-04	9.987859e+04	6.058347e+02	1.640034e+01	1.435483e+04	1.437768e+04	1.387638e+04	8.473386e+01	8.515726e-01	2025	1	25	6
	352	141	40.000000	-19.500000	-2.424111e-04	9.992788e+04	0.000000e+00	1.298099e+01	1.420371e+04	1.422668e+04	1.387584e+04	8.506866e+01	8.181880e-01	2025	1	26	0
	352	138	40.000000	-21.000000	-2.959959e-04	1.000729e+05	2.722015e-01	1.425140e+01	1.434617e+04	1.437024e+04	1.400646e+04	8.605133e+01	8.428218e-01	2025	1	26	6
	352	136	40.000000	-22.000000	-2.670687e-04	9.981582e+04	2.722015e-01	1.164057e+01	1.416590e+04	1.419792e+04	1.382754e+04	8.171178e+01	8.224961e-01	2025	1	26	12
	350	137	38.750000	-21.500000	-2.523919e-04	9.969886e+04	1.472015e-01	1.383090e+01	1.413126e+04	1.415840e+04	1.374679e+04	8.483320e+01	8.507594e-01	2025	1	27	0
	351	136	39.375000	-22.000000	-2.441571e-04	9.992024e+04	2.722015e-01	1.285088e+01	1.430422e+04	1.433500e+04	1.392757e+04	8.500490e+01	8.495622e-01	2025	1	27	6
	351	134	39.375000	-23.000000	-2.594454e-04	9.969770e+04	2.722015e-01	1.297925e+01	1.416224e+04	1.419555e+04	1.373389e+04	8.720282e+01	8.438730e-01	2025	1	27	12
	351	135	39.375000	-22.500000	-2.387973e-04	9.961199e+04	2.722015e-01	1.594382e+01	1.408821e+04	1.411899e+04	1.370754e+04	8.677309e+01	8.224645e-01	2025	1	28	0
	351	134	39.375000	-23.000000	-2.725779e-04	9.984493e+04	2.722015e-01	1.658351e+01	1.428694e+04	1.431940e+04	1.390452e+04	8.518056e+01	8.210251e-01	2025	1	28	6
	351	135	39.375000	-22.500000	-3.397727e-04	9.977198e+04	2.722015e-01	1.590879e+01	1.423494e+04	1.426367e+04	1.384811e+04	8.944774e+01	8.342622e-01	2025	1	28	12
	352	135	40.000000	-22.500000	-2.428816e-04	9.967288e+04	2.722015e-01	1.411732e+01	1.420219e+04	1.422784e+04	1.379512e+04	8.466875e+01	7.881159e-01	2025	1	29	0
	351	135	39.375000	-22.500000	-3.686928e-04	9.980911e+04	2.722015e-01	1.621305e+01	1.440423e+04	1.442087e+04	1.386639e+04	9.028470e+01	8.440117e-01	2025	1	29	6
	351	136	39.375000	-22.000000	-2.832669e-04	9.983929e+04	2.722015e-01	1.354202e+01	1.431836e+04	1.434301e+04	1.389966e+04	8.791809e+01	8.707140e-01	2025	1	29	12
	354	137	41.250000	-21.500000	-1.123466e-04	1.004965e+05	1.168347e+02	7.850904e+00	1.448321e+04	1.448693e+04	1.442870e+04	8.373991e+01	8.546557e-01	2025	1	30	12
start	6	2025	1	24	12
	403	157	71.875000	-11.500000	-2.060865e-04	1.003231e+05	0.000000e+00	9.286239e+00	1.432164e+04	1.432860e+04	1.417071e+04	7.948813e+01	8.265570e-01	2025	1	24	12
	403	159	71.875000	-10.500000	-2.067460e-04	1.002979e+05	0.000000e+00	8.955506e+00	1.433230e+04	1.434224e+04	1.417002e+04	7.890668e+01	8.243959e-01	2025	1	25	0
	403	159	71.875000	-10.500000	-1.828155e-04	1.005556e+05	0.000000e+00	9.265924e+00	1.452526e+04	1.453265e+04	1.440242e+04	8.272158e+01	8.032902e-01	2025	1	25	6
	403	159	71.875000	-10.500000	-1.696725e-04	1.002793e+05	0.000000e+00	9.700379e+00	1.431409e+04	1.432316e+04	1.417928e+04	8.543738e+01	8.048679e-01	2025	1	25	12
	402	159	71.250000	-10.500000	-1.895852e-04	1.005228e+05	0.000000e+00	9.500465e+00	1.451853e+04	1.452419e+04	1.440316e+04	8.042756e+01	7.798182e-01	2025	1	26	0
	404	160	72.500000	-10.000000	-2.285449e-04	1.002636e+05	0.000000e+00	1.379276e+01	1.437986e+04	1.438127e+04	1.420012e+04	7.728944e+01	7.565011e-01	2025	1	26	12
start	4	2025	1	24	12
	239	179	-30.625000	-0.500000	-1.576818e-05	1.012773e+05	0.000000e+00	7.204364e+00	1.495500e+04	1.495569e+04	1.492859e+04	7.581163e+01	7.434511e-01	2025	1	24	12
	238	178	-31.250000	-1.000000	-8.425053e-06	1.013117e+05	0.000000e+00	5.469625e+00	1.498975e+04	1.498737e+04	1.495759e+04	7.753990e+01	7.338743e-01	2025	1	25	0
	237	178	-31.875000	-1.000000	-1.998270e-05	1.011054e+05	0.000000e+00	6.256886e+00	1.479747e+04	1.479544e+04	1.477382e+04	7.831920e+01	7.410153e-01	2025	1	25	6
	233	179	-34.375000	-0.500000	-1.251762e-05	1.010661e+05	0.000000e+00	5.215654e+00	1.477182e+04	1.477200e+04	1.476372e+04	7.762100e+01	7.403678e-01	2025	1	26	6
start	5	2025	1	25	0
	395	152	66.875000	-14.000000	-7.657303e-05	1.004724e+05	0.000000e+00	9.632904e+00	1.438665e+04	1.439303e+04	1.432076e+04	8.479893e+01	8.546594e-01	2025	1	25	0
	393	152	65.625000	-14.000000	-1.746073e-04	1.006841e+05	0.000000e+00	1.062222e+01	1.457432e+04	1.458086e+04	1.447214e+04	8.405706e+01	8.174180e-01	2025	1	25	6
	391	153	64.375000	-13.500000	-2.012696e-04	1.004214e+05	0.000000e+00	1.078228e+01	1.439613e+04	1.439949e+04	1.426428e+04	8.375101e+01	7.990315e-01	2025	1	25	12
	388	154	62.500000	-13.000000	-2.103629e-04	1.006055e+05	0.000000e+00	8.569149e+00	1.457778e+04	1.458155e+04	1.443464e+04	8.013964e+01	7.774893e-01	2025	1	26	0
	388	154	62.500000	-13.000000	-1.482769e-04	1.008627e+05	0.000000e+00	8.006336e+00	1.473829e+04	1.474162e+04	1.463030e+04	7.519625e+01	7.287483e-01	2025	1	26	6
start	4	2025	1	25	0
	571	164	176.875000	-8.000000	-3.569393e-05	1.006097e+05	8.470154e-02	9.830784e+00	1.455480e+04	1.455945e+04	1.450549e+04	8.156478e+01	8.523966e-01	2025	1	25	0
	569	164	175.625000	-8.000000	-8.055805e-05	1.004322e+05	8.470154e-02	1.049324e+01	1.448029e+04	1.448497e+04	1.433173e+04	8.308709e+01	8.596016e-01	2025	1	25	6
	566	165	173.750000	-7.500000	-1.304821e-04	1.007321e+05	0.000000e+00	8.270609e+00	1.465613e+04	1.465654e+04	1.455743e+04	8.900437e+01	8.890465e-01	2025	1	25	12
	568	162	175.000000	-9.000000	-1.130842e-04	1.005813e+05	0.000000e+00	1.099878e+01	1.458328e+04	1.458604e+04	1.446242e+04	7.829153e+01	7.713066e-01	2025	1	26	0
start	6	2025	1	25	6
	55	161	-145.625000	-9.500000	-4.980223e-05	1.009427e+05	0.000000e+00	7.509061e+00	1.471117e+04	1.471478e+04	1.467752e+04	8.897982e+01	8.275265e-01	2025	1	25	6
	56	160	-145.000000	-10.000000	-4.001689e-05	1.007166e+05	0.000000e+00	8.867132e+00	1.454644e+04	1.454880e+04	1.450666e+04	9.023209e+01	8.407939e-01	2025	1	25	12
	52	159	-147.500000	-10.500000	-1.011369e-04	1.007116e+05	0.000000e+00	9.645388e+00	1.453019e+04	1.453295e+04	1.448655e+04	8.853973e+01	7.756631e-01	2025	1	26	0
	50	159	-148.750000	-10.500000	-6.907307e-05	1.009570e+05	8.470154e-02	1.045005e+01	1.474568e+04	1.474910e+04	1.471292e+04	8.693189e+01	7.570090e-01	2025	1	26	6
	50	159	-148.750000	-10.500000	-9.052403e-05	1.008101e+05	8.470154e-02	9.913395e+00	1.466132e+04	1.466473e+04	1.460092e+04	9.380710e+01	8.312961e-01	2025	1	26	12
	51	159	-148.125000	-10.500000	-6.219499e-05	1.010270e+05	2.220154e-02	9.122914e+00	1.478199e+04	1.478351e+04	1.474091e+04	8.491479e+01	7.056077e-01	2025	1	27	12
start	16	2025	1	26	0
	430	163	88.750000	-8.500000	-1.244877e-04	1.006851e+05	0.000000e+00	9.953758e+00	1.459583e+04	1.459925e+04	1.451453e+04	8.395196e+01	8.035827e-01	2025	1	26	0
	429	162	88.125000	-9.000000	-2.077089e-04	1.006608e+05	0.000000e+00	1.176623e+01	1.458472e+04	1.459057e+04	1.446291e+04	7.982325e+01	7.525210e-01	2025	1	26	6
	432	163	90.000000	-8.500000	-1.926604e-04	1.005055e+05	0.000000e+00	1.050820e+01	1.446566e+04	1.446991e+04	1.435275e+04	7.889389e+01	7.632578e-01	2025	1	26	12
	433	162	90.625000	-9.000000	-2.051249e-04	1.005405e+05	0.000000e+00	9.405910e+00	1.445787e+04	1.446166e+04	1.436858e+04	8.122253e+01	7.960169e-01	2025	1	27	0
	434	162	91.250000	-9.000000	-1.666031e-04	1.005908e+05	0.000000e+00	8.226353e+00	1.454352e+04	1.454746e+04	1.443833e+04	8.193746e+01	8.029162e-01	2025	1	27	6
	434	161	91.250000	-9.500000	-1.810674e-04	1.004815e+05	0.000000e+00	7.860994e+00	1.445948e+04	1.446429e+04	1.435116e+04	8.154005e+01	8.020049e-01	2025	1	27	12
	435	160	91.875000	-10.000000	-1.595750e-04	1.005951e+05	0.000000e+00	7.685652e+00	1.452492e+04	1.452842e+04	1.446136e+04	8.322402e+01	8.114624e-01	2025	1	28	0
	435	161	91.875000	-9.500000	-1.167649e-04	1.007491e+05	0.000000e+00	8.468947e+00	1.464279e+04	1.464384e+04	1.459851e+04	8.312290e+01	8.071699e-01	2025	1	28	6
	435	160	91.875000	-10.000000	-9.952941e-05	1.007418e+05	0.000000e+00	8.147285e+00	1.463537e+04	1.463738e+04	1.461148e+04	8.620179e+01	8.293633e-01	2025	1	28	12
	439	159	94.375000	-10.500000	-1.470473e-04	1.007296e+05	0.000000e+00	1.011913e+01	1.471633e+04	1.471828e+04	1.463379e+04	8.598970e+01	8.542877e-01	2025	1	29	0
	440	159	95.000000	-10.500000	-2.888729e-04	1.006328e+05	2.220154e-02	1.142843e+01	1.464772e+04	1.464926e+04	1.449940e+04	8.578122e+01	8.346963e-01	2025	1	29	6
	440	158	95.000000	-11.000000	-1.723044e-04	1.006511e+05	8.470154e-02	9.411034e+00	1.463316e+04	1.463655e+04	1.453490e+04	8.662023e+01	8.781152e-01	2025	1	29	12
	442	158	96.250000	-11.000000	-9.744593e-05	1.005637e+05	1.472015e-01	9.758755e+00	1.453265e+04	1.453919e+04	1.446968e+04	8.939972e+01	8.664385e-01	2025	1	30	0
	444	156	97.500000	-12.000000	-7.357443e-05	1.005404e+05	1.472015e-01	1.057257e+01	1.446197e+04	1.446692e+04	1.443040e+04	8.109352e+01	8.115847e-01	2025	1	30	6
	446	159	98.750000	-10.500000	-1.554170e-04	1.003695e+05	2.220154e-02	1.153667e+01	1.439932e+04	1.440776e+04	1.426438e+04	7.869318e+01	8.103222e-01	2025	1	30	12
	450	157	101.250000	-11.500000	-1.886823e-04	1.003208e+05	0.000000e+00	1.194983e+01	1.431955e+04	1.432600e+04	1.420224e+04	8.170217e+01	8.383740e-01	2025	1	31	0
start	4	2025	1	27	0
	471	155	114.375000	-12.500000	-4.849953e-05	1.005221e+05	0.000000e+00	5.735137e+00	1.446137e+04	1.446781e+04	1.439695e+04	7.565267e+01	7.068101e-01	2025	1	27	0
	470	156	113.750000	-12.000000	-7.635242e-05	1.004247e+05	0.000000e+00	7.075740e+00	1.436831e+04	1.437759e+04	1.429285e+04	7.786517e+01	7.173461e-01	2025	1	27	6
	467	155	111.875000	-12.500000	-8.483273e-05	1.005634e+05	0.000000e+00	7.748007e+00	1.449472e+04	1.450227e+04	1.442608e+04	7.589179e+01	6.895394e-01	2025	1	27	12
	466	153	111.250000	-13.500000	-1.501599e-04	1.004952e+05	0.000000e+00	7.891123e+00	1.452630e+04	1.453415e+04	1.440089e+04	7.551067e+01	7.041801e-01	2025	1	28	6
start	14	2025	1	27	6
	536	147	155.000000	-16.500000	-2.017006e-04	1.004882e+05	0.000000e+00	9.977062e+00	1.454981e+04	1.455350e+04	1.435917e+04	7.873680e+01	7.256665e-01	2025	1	27	6
	536	147	155.000000	-16.500000	-2.011014e-04	1.008071e+05	0.000000e+00	1.026356e+01	1.478067e+04	1.478557e+04	1.465099e+04	7.711717e+01	7.256383e-01	2025	1	27	12
	534	146	153.750000	-17.000000	-9.599301e-05	1.009034e+05	2.220154e-02	7.257771e+00	1.481244e+04	1.481691e+04	1.475856e+04	7.899061e+01	7.646394e-01	2025	1	28	0
	535	145	154.375000	-17.500000	-7.223860e-05	1.006671e+05	2.220154e-02	8.206686e+00	1.458459e+04	1.458983e+04	1.453780e+04	8.455396e+01	7.960010e-01	2025	1	28	6
	535	141	154.375000	-19.500000	-1.173977e-04	1.009402e+05	2.220154e-02	9.658248e+00	1.485501e+04	1.486272e+04	1.475852e+04	8.524081e+01	7.946545e-01	2025	1	28	12
	531	142	151.875000	-19.000000	-1.135456e-04	1.007053e+05	2.220154e-02	9.877604e+00	1.470158e+04	1.470945e+04	1.459423e+04	8.585665e+01	8.028574e-01	2025	1	29	0
	529	140	150.625000	-20.000000	-2.733542e-04	1.002557e+05	8.304597e+02	1.277612e+01	1.443942e+04	1.445061e+04	1.421915e+04	8.319256e+01	8.131605e-01	2025	1	29	6
	528	141	150.000000	-19.500000	-3.010439e-04	1.002892e+05	2.650710e+03	1.422993e+01	1.458136e+04	1.459038e+04	1.425007e+04	8.199013e+01	7.892137e-01	2025	1	29	12
	526	142	148.750000	-19.000000	-3.543900e-04	1.000841e+05	2.686710e+03	1.332553e+01	1.443043e+04	1.444302e+04	1.405054e+04	8.774176e+01	8.419170e-01	2025	1	30	0
	526	142	148.750000	-19.000000	-3.890656e-04	9.968766e+04	2.686710e+03	1.483242e+01	1.422311e+04	1.423571e+04	1.371399e+04	9.076648e+01	8.045657e-01	2025	1	30	6
	524	142	147.500000	-19.000000	-3.178053e-04	9.998305e+04	5.053709e+03	1.471695e+01	1.440102e+04	1.441338e+04	1.400849e+04	8.397288e+01	7.594016e-01	2025	1	30	12
	521	143	145.625000	-18.500000	-3.797449e-04	9.989559e+04	7.459709e+03	1.543389e+01	1.438168e+04	1.439632e+04	1.397225e+04	8.764653e+01	8.179327e-01	2025	1	31	0
	521	145	145.625000	-17.500000	-5.035946e-04	9.932241e+04	6.713709e+03	1.506696e+01	1.409885e+04	1.411658e+04	1.351949e+04	8.460596e+01	7.932513e-01	2025	1	31	6
	520	145	145.000000	-17.500000	-5.148150e-04	9.950669e+04	6.713709e+03	1.560297e+01	1.431164e+04	1.433631e+04	1.365015e+04	8.603696e+01	7.961814e-01	2025	1	31	12
start	6	2025	1	28	0
	13	137	-171.875000	-21.500000	-5.374160e-05	1.011715e+05	0.000000e+00	6.202001e+00	1.486061e+04	1.486251e+04	1.479362e+04	7.800114e+01	7.784390e-01	2025	1	28	0
	15	136	-170.625000	-22.000000	-1.479073e-04	1.011055e+05	0.000000e+00	7.875003e+00	1.481541e+04	1.481805e+04	1.472551e+04	7.939608e+01	7.520247e-01	2025	1	28	6
	16	136	-170.000000	-22.000000	-2.000868e-04	1.010775e+05	0.000000e+00	8.388933e+00	1.480055e+04	1.480399e+04	1.468691e+04	7.779178e+01	7.613537e-01	2025	1	28	12
	18	134	-168.750000	-23.000000	-1.920576e-04	1.010215e+05	0.000000e+00	1.110540e+01	1.478261e+04	1.478771e+04	1.464569e+04	8.393298e+01	7.909213e-01	2025	1	29	0
	19	133	-168.125000	-23.500000	-1.511329e-04	1.010525e+05	0.000000e+00	9.940928e+00	1.478753e+04	1.479164e+04	1.467272e+04	8.203353e+01	7.488803e-01	2025	1	29	6
	20	132	-167.500000	-24.000000	-1.280476e-04	1.011301e+05	0.000000e+00	9.228360e+00	1.485706e+04	1.485996e+04	1.476063e+04	7.977746e+01	7.103074e-01	2025	1	29	12
start	8	2025	1	29	6
	460	152	107.500000	-14.000000	-1.555011e-04	1.006069e+05	0.000000e+00	6.797941e+00	1.457942e+04	1.458594e+04	1.446238e+04	7.552194e+01	7.356107e-01	2025	1	29	6
	460	152	107.500000	-14.000000	-1.707213e-04	1.006320e+05	0.000000e+00	7.934913e+00	1.461911e+04	1.462412e+04	1.449403e+04	8.132899e+01	7.697582e-01	2025	1	29	12
	459	152	106.875000	-14.000000	-2.078716e-04	1.004395e+05	0.000000e+00	9.328176e+00	1.454988e+04	1.455868e+04	1.434549e+04	8.175123e+01	7.735701e-01	2025	1	30	0
	459	151	106.875000	-14.500000	-2.009789e-04	1.002928e+05	0.000000e+00	9.858812e+00	1.439948e+04	1.441110e+04	1.424025e+04	8.505817e+01	7.945922e-01	2025	1	30	6
	459	151	106.875000	-14.500000	-2.865325e-04	1.001625e+05	0.000000e+00	1.204604e+01	1.441551e+04	1.442708e+04	1.410689e+04	8.451158e+01	7.863526e-01	2025	1	30	12
	458	150	106.250000	-15.000000	-2.266407e-04	1.001563e+05	0.000000e+00	1.075061e+01	1.433299e+04	1.434461e+04	1.411207e+04	7.716044e+01	7.642308e-01	2025	1	31	0
	457	149	105.625000	-15.500000	-2.505317e-04	1.001006e+05	0.000000e+00	1.059454e+01	1.424967e+04	1.426290e+04	1.405863e+04	7.714183e+01	7.641102e-01	2025	1	31	6
	457	149	105.625000	-15.500000	-2.240983e-04	1.000462e+05	0.000000e+00	1.022397e+01	1.424992e+04	1.426679e+04	1.401141e+04	8.304285e+01	7.917802e-01	2025	1	31	12
start	7	2025	1	29	12
	547	150	161.875000	-15.000000	-1.260311e-04	1.004744e+05	0.000000e+00	8.899329e+00	1.448313e+04	1.449076e+04	1.436912e+04	8.228142e+01	8.533383e-01	2025	1	29	12
	550	154	163.750000	-13.000000	-2.425986e-04	1.002917e+05	0.000000e+00	1.176977e+01	1.438162e+04	1.439033e+04	1.418045e+04	8.060247e+01	7.916360e-01	2025	1	30	0
	551	152	164.375000	-14.000000	-2.516909e-04	1.000345e+05	7.989720e+01	1.077320e+01	1.420589e+04	1.421596e+04	1.397235e+04	7.774574e+01	8.011356e-01	2025	1	30	6
	551	152	164.375000	-14.000000	-2.412844e-04	1.003250e+05	7.989720e+01	1.131353e+01	1.444322e+04	1.445610e+04	1.424954e+04	8.060954e+01	7.967289e-01	2025	1	30	12
	552	149	165.000000	-15.500000	-2.210487e-04	1.001394e+05	1.622710e+03	1.349287e+01	1.435429e+04	1.437330e+04	1.412165e+04	8.516140e+01	8.111573e-01	2025	1	31	0
	552	147	165.000000	-16.500000	-3.479109e-04	9.974261e+04	4.150847e+02	1.494948e+01	1.422952e+04	1.425008e+04	1.379591e+04	8.477836e+01	8.312997e-01	2025	1	31	6
	550	147	163.750000	-16.500000	-4.371277e-04	9.987093e+04	2.220154e-02	1.697362e+01	1.442960e+04	1.445141e+04	1.388973e+04	8.225198e+01	8.018126e-01	2025	1	31	12
start	4	2025	1	29	12
	422	165	83.750000	-7.500000	-7.273591e-06	1.007678e+05	0.000000e+00	8.500185e+00	1.461070e+04	1.461324e+04	1.456314e+04	8.329391e+01	8.002745e-01	2025	1	29	12
	426	163	86.250000	-8.500000	-9.693064e-05	1.007065e+05	0.000000e+00	1.033717e+01	1.456353e+04	1.456930e+04	1.448410e+04	8.986003e+01	8.528235e-01	2025	1	30	0
	428	162	87.500000	-9.000000	-1.918558e-04	1.006706e+05	0.000000e+00	1.262670e+01	1.459292e+04	1.459962e+04	1.445841e+04	8.972684e+01	8.503338e-01	2025	1	30	6
	430	162	88.750000	-9.000000	-1.934955e-04	1.005110e+05	0.000000e+00	1.278024e+01	1.444314e+04	1.444944e+04	1.433074e+04	8.729885e+01	8.382142e-01	2025	1	30	12
start	6	2025	1	30	0
	404	147	72.500000	-16.500000	-2.738731e-04	9.991375e+04	0.000000e+00	1.608963e+01	1.435649e+04	1.438832e+04	1.395522e+04	8.859559e+01	8.215263e-01	2025	1	30	0
	401	148	70.625000	-16.000000	-4.261516e-04	9.986851e+04	0.000000e+00	1.786783e+01	1.450323e+04	1.452998e+04	1.391292e+04	8.135002e+01	7.907676e-01	2025	1	30	6
	400	147	70.000000	-16.500000	-3.390545e-04	9.978041e+04	0.000000e+00	1.605688e+01	1.424527e+04	1.427082e+04	1.383808e+04	8.072677e+01	7.495727e-01	2025	1	30	12
	396	148	67.500000	-16.000000	-4.781755e-04	9.922455e+04	0.000000e+00	1.550800e+01	1.417223e+04	1.420865e+04	1.334300e+04	8.121206e+01	7.745660e-01	2025	1	31	0
	395	149	66.875000	-15.500000	-3.906730e-04	9.958917e+04	0.000000e+00	1.623157e+01	1.434065e+04	1.437493e+04	1.370419e+04	8.066756e+01	7.332358e-01	2025	1	31	6
	393	146	65.625000	-17.000000	-4.130617e-04	9.924800e+04	0.000000e+00	1.570383e+01	1.410957e+04	1.414294e+04	1.337054e+04	8.280488e+01	7.399584e-01	2025	1	31	12
start	6	2025	1	30	0
	419	155	81.875000	-12.500000	-1.571319e-04	1.006155e+05	0.000000e+00	1.019815e+01	1.453429e+04	1.454035e+04	1.442079e+04	8.222370e+01	7.638261e-01	2025	1	30	0
	419	155	81.875000	-12.500000	-2.647843e-04	1.007084e+05	0.000000e+00	1.002156e+01	1.462230e+04	1.462525e+04	1.448661e+04	8.174438e+01	7.766566e-01	2025	1	30	6
	419	155	81.875000	-12.500000	-2.595404e-04	1.004834e+05	0.000000e+00	1.004661e+01	1.445785e+04	1.446415e+04	1.428007e+04	8.434420e+01	8.252997e-01	2025	1	30	12
	419	155	81.875000	-12.500000	-2.970463e-04	1.003146e+05	0.000000e+00	1.114756e+01	1.443080e+04	1.443782e+04	1.418386e+04	8.052625e+01	8.406856e-01	2025	1	31	0
	418	155	81.250000	-12.500000	-1.904260e-04	1.005255e+05	0.000000e+00	1.061980e+01	1.453848e+04	1.454518e+04	1.439468e+04	8.279410e+01	8.345358e-01	2025	1	31	6
	417	156	80.625000	-12.000000	-1.976890e-04	1.004413e+05	0.000000e+00	1.071030e+01	1.444271e+04	1.444943e+04	1.433388e+04	8.595521e+01	8.336784e-01	2025	1	31	12
start	6	2025	1	30	0
	475	155	116.875000	-12.500000	-6.585244e-05	1.006361e+05	0.000000e+00	9.919503e+00	1.455009e+04	1.455782e+04	1.448592e+04	7.744242e+01	7.641422e-01	2025	1	30	0
	476	159	117.500000	-10.500000	-1.789339e-04	1.003272e+05	2.064710e+03	1.164791e+01	1.433697e+04	1.434726e+04	1.420414e+04	8.989946e+01	8.422040e-01	2025	1	30	6
	477	158	118.125000	-11.000000	-2.251492e-04	1.004124e+05	1.728710e+03	1.196184e+01	1.444263e+04	1.444998e+04	1.429719e+04	8.497197e+01	8.100954e-01	2025	1	30	12
	476	157	117.500000	-11.500000	-3.026618e-04	1.003766e+05	3.084702e+00	1.510203e+01	1.446970e+04	1.447722e+04	1.426772e+04	7.776449e+01	7.610151e-01	2025	1	31	0
	477	155	118.125000	-12.500000	-3.446657e-04	1.000547e+05	0.000000e+00	1.590055e+01	1.430430e+04	1.431170e+04	1.404320e+04	8.185362e+01	7.715365e-01	2025	1	31	6
	478	155	118.750000	-12.500000	-3.600339e-04	1.001146e+05	0.000000e+00	1.457328e+01	1.444469e+04	1.445392e+04	1.409404e+04	7.702448e+01	7.531521e-01	2025	1	31	12
