start	7	2024	1	1	0
	953	330	238.250000	7.500000	3.504939e-04	1.009166e+05	1.392942e+00	9.231633e+00	1.472573e+04	1.472705e+04	1.465193e+04	8.722516e+01	8.746197e+01	2024	1	1	0
	952	330	238.000000	7.500000	3.119900e-04	1.011968e+05	1.392942e+00	1.090986e+01	1.498203e+04	1.498298e+04	1.490788e+04	8.526961e+01	8.484048e+01	2024	1	1	6
	950	328	237.500000	8.000000	4.764188e-04	1.010808e+05	1.392942e+00	1.037570e+01	1.482120e+04	1.482103e+04	1.472848e+04	8.603223e+01	8.405910e+01	2024	1	1	12
	948	327	237.000000	8.250000	4.365703e-04	1.013774e+05	1.392942e+00	1.059203e+01	1.508857e+04	1.508873e+04	1.503413e+04	8.778580e+01	8.470884e+01	2024	1	1	18
	944	327	236.000000	8.250000	1.932287e-04	1.010761e+05	1.392942e+00	9.896498e+00	1.482278e+04	1.482470e+04	1.480059e+04	9.162000e+01	8.777784e+01	2024	1	2	0
	939	326	234.750000	8.500000	2.295712e-04	1.013967e+05	1.212027e+00	1.086884e+01	1.510324e+04	1.510406e+04	1.504884e+04	9.359914e+01	8.886638e+01	2024	1	2	6
	933	326	233.250000	8.500000	3.899427e-04	1.011159e+05	9.716659e-01	1.132282e+01	1.487390e+04	1.487671e+04	1.479255e+04	9.179177e+01	8.811947e+01	2024	1	2	12
start	15	2024	1	1	0
	267	335	66.750000	6.250000	1.078732e-04	1.009366e+05	1.855317e+00	8.118668e+00	1.475531e+04	1.476000e+04	1.470405e+04	8.582777e+01	8.098253e+01	2024	1	1	0
	259	342	64.750000	4.500000	8.528377e-05	1.011958e+05	1.815001e+00	6.172491e+00	1.497617e+04	1.497907e+04	1.493388e+04	8.230000e+01	8.181031e+01	2024	1	1	6
	259	339	64.750000	5.250000	8.806470e-05	1.008558e+05	1.855317e+00	7.412264e+00	1.469238e+04	1.469799e+04	1.463961e+04	8.886908e+01	8.453629e+01	2024	1	1	12
	262	339	65.500000	5.250000	1.797338e-04	1.011794e+05	1.855317e+00	7.744720e+00	1.494055e+04	1.494504e+04	1.486963e+04	9.154367e+01	8.808435e+01	2024	1	1	18
	262	337	65.500000	5.750000	4.327202e-04	1.009481e+05	1.855317e+00	7.313496e+00	1.475724e+04	1.476068e+04	1.470521e+04	9.014843e+01	8.849120e+01	2024	1	2	0
	263	337	65.750000	5.750000	2.461711e-04	1.011537e+05	1.855317e+00	7.851274e+00	1.494593e+04	1.494938e+04	1.486734e+04	8.828503e+01	8.695906e+01	2024	1	2	6
	265	335	66.250000	6.250000	2.295168e-04	1.008909e+05	1.855317e+00	6.526372e+00	1.471245e+04	1.471537e+04	1.465042e+04	8.573517e+01	8.523978e+01	2024	1	2	12
	266	335	66.500000	6.250000	2.116242e-04	1.011154e+05	1.855317e+00	7.245592e+00	1.491576e+04	1.492016e+04	1.483936e+04	8.520782e+01	8.565556e+01	2024	1	2	18
	267	333	66.750000	6.750000	1.670108e-04	1.011728e+05	1.855317e+00	7.425875e+00	1.491773e+04	1.491979e+04	1.487853e+04	8.911504e+01	8.861382e+01	2024	1	3	6
	276	326	69.000000	8.500000	8.980045e-05	1.008198e+05	1.553679e+00	7.234159e+00	1.462247e+04	1.462654e+04	1.458557e+04	8.910200e+01	8.465257e+01	2024	1	3	12
	278	323	69.500000	9.250000	9.140535e-05	1.010656e+05	1.593731e+00	7.154862e+00	1.484213e+04	1.484659e+04	1.479846e+04	8.864586e+01	8.475958e+01	2024	1	3	18
	274	332	68.500000	7.000000	9.402377e-05	1.008677e+05	1.413320e+00	7.581952e+00	1.471175e+04	1.471659e+04	1.466248e+04	8.936592e+01	8.740788e+01	2024	1	4	0
	281	325	70.250000	8.750000	1.338655e-04	1.011679e+05	1.794435e+00	8.250664e+00	1.493708e+04	1.493977e+04	1.487637e+04	9.078139e+01	8.828962e+01	2024	1	4	6
	284	324	71.000000	9.000000	1.999813e-04	1.011013e+05	1.794435e+00	8.466636e+00	1.488386e+04	1.488825e+04	1.482062e+04	8.447193e+01	8.106412e+01	2024	1	4	18
	285	326	71.250000	8.500000	1.719629e-04	1.009118e+05	1.855410e+00	8.184201e+00	1.472507e+04	1.472870e+04	1.467781e+04	8.202988e+01	7.804510e+01	2024	1	5	0
start	4	2024	1	1	0
	843	343	210.750000	4.250000	8.263066e-05	1.008316e+05	5.694572e-01	1.073470e+01	1.465387e+04	1.465560e+04	1.462855e+04	8.876578e+01	7.776855e+01	2024	1	1	0
	845	347	211.250000	3.250000	1.258512e-04	1.012424e+05	8.505943e-01	1.015856e+01	1.495438e+04	1.495463e+04	1.492138e+04	8.569678e+01	7.698453e+01	2024	1	1	18
	845	349	211.250000	2.750000	4.204153e-05	1.008541e+05	8.505943e-01	8.869791e+00	1.465531e+04	1.465759e+04	1.460721e+04	7.945228e+01	7.256687e+01	2024	1	2	0
	842	353	210.500000	1.750000	4.507019e-05	1.009949e+05	1.192325e+00	7.028115e+00	1.476561e+04	1.476668e+04	1.474567e+04	7.779617e+01	7.179112e+01	2024	1	2	12
start	5	2024	1	1	0
	233	351	58.250000	2.250000	2.058223e-05	1.009616e+05	1.312733e+00	6.029708e+00	1.475386e+04	1.475602e+04	1.472568e+04	8.283289e+01	8.340513e+01	2024	1	1	0
	230	342	57.500000	4.500000	1.722458e-05	1.009088e+05	1.332788e+00	7.351356e+00	1.472633e+04	1.472716e+04	1.469836e+04	8.719373e+01	8.524942e+01	2024	1	1	12
	233	353	58.250000	1.750000	2.222299e-05	1.009381e+05	1.875327e+00	5.589179e+00	1.476798e+04	1.476919e+04	1.474421e+04	8.591653e+01	8.279201e+01	2024	1	2	0
	240	354	60.000000	1.500000	2.086558e-05	1.011847e+05	1.875327e+00	7.459419e+00	1.496681e+04	1.496904e+04	1.493434e+04	8.572289e+01	8.435482e+01	2024	1	2	6
	235	360	58.750000	0.000000	3.173738e-05	1.011914e+05	1.875327e+00	5.766601e+00	1.496736e+04	1.496759e+04	1.494486e+04	8.063062e+01	8.235802e+01	2024	1	2	18
start	10	2024	1	1	6
	553	302	138.250000	14.500000	8.012797e-05	1.008168e+05	2.236907e+00	9.771207e+00	1.471725e+04	1.472706e+04	1.463438e+04	8.937162e+01	8.549527e+01	2024	1	1	6
	550	307	137.500000	13.250000	8.550170e-05	1.009888e+05	2.236907e+00	9.001782e+00	1.485902e+04	1.486676e+04	1.479873e+04	8.609194e+01	8.134267e+01	2024	1	1	12
	546	305	136.500000	13.750000	7.798872e-05	1.008284e+05	2.236907e+00	1.043689e+01	1.471442e+04	1.472446e+04	1.463900e+04	8.981041e+01	8.669482e+01	2024	1	1	18
	542	301	135.500000	14.750000	8.695363e-05	1.010181e+05	2.236907e+00	1.194068e+01	1.492156e+04	1.493287e+04	1.482184e+04	9.058355e+01	8.633178e+01	2024	1	2	0
	537	301	134.250000	14.750000	7.266202e-05	1.007237e+05	2.236583e+00	1.020881e+01	1.466232e+04	1.467391e+04	1.457534e+04	8.793812e+01	8.466594e+01	2024	1	2	6
	538	299	134.500000	15.250000	7.078960e-05	1.009699e+05	2.236907e+00	1.151579e+01	1.485696e+04	1.486583e+04	1.478980e+04	8.746326e+01	8.337698e+01	2024	1	2	12
	536	298	134.000000	15.500000	7.697730e-05	1.008584e+05	2.236583e+00	1.219419e+01	1.474916e+04	1.475745e+04	1.466798e+04	8.938394e+01	8.553973e+01	2024	1	2	18
	529	296	132.250000	16.000000	7.783063e-05	1.010658e+05	1.854943e+00	1.151199e+01	1.493926e+04	1.494735e+04	1.486614e+04	8.579384e+01	8.210751e+01	2024	1	3	0
	528	293	132.000000	16.750000	6.767968e-05	1.007888e+05	1.854943e+00	9.118157e+00	1.471124e+04	1.471913e+04	1.463341e+04	8.933904e+01	8.623685e+01	2024	1	3	6
	528	290	132.000000	17.500000	7.475028e-05	1.009818e+05	1.854943e+00	1.061592e+01	1.488144e+04	1.488919e+04	1.479970e+04	9.102187e+01	8.872144e+01	2024	1	3	12
start	4	2024	1	1	18
	805	352	201.250000	2.000000	1.272222e-04	1.011404e+05	4.949045e+00	9.160968e+00	1.489964e+04	1.489920e+04	1.487750e+04	8.259743e+01	7.522076e+01	2024	1	1	18
	799	354	199.750000	1.500000	1.870135e-04	1.010287e+05	1.212288e+00	8.910380e+00	1.481253e+04	1.481442e+04	1.478109e+04	8.574171e+01	7.868661e+01	2024	1	2	6
	796	355	199.000000	1.250000	2.354772e-04	1.010439e+05	1.212288e+00	7.445178e+00	1.480203e+04	1.480288e+04	1.475155e+04	8.925311e+01	7.978957e+01	2024	1	2	12
	792	355	198.000000	1.250000	3.272572e-04	1.010864e+05	1.192172e+00	8.214255e+00	1.488376e+04	1.488437e+04	1.485061e+04	8.419058e+01	7.792612e+01	2024	1	2	18
start	29	2024	1	2	0
	355	344	88.750000	4.000000	7.148623e-05	1.009651e+05	1.975576e+00	9.050801e+00	1.476842e+04	1.477184e+04	1.472934e+04	8.602338e+01	8.479903e+01	2024	1	2	0
	356	348	89.000000	3.000000	7.865229e-05	1.010387e+05	1.975576e+00	7.957417e+00	1.485709e+04	1.485874e+04	1.479609e+04	8.685793e+01	8.535243e+01	2024	1	2	6
	362	345	90.500000	3.750000	9.141280e-05	1.009229e+05	1.975576e+00	7.245532e+00	1.476002e+04	1.476349e+04	1.470817e+04	8.704025e+01	8.378353e+01	2024	1	2	12
	361	348	90.250000	3.000000	2.101937e-04	1.010884e+05	2.076263e+00	7.914300e+00	1.486982e+04	1.487351e+04	1.480561e+04	8.761299e+01	8.289416e+01	2024	1	2	18
	359	347	89.750000	3.250000	1.849998e-04	1.008818e+05	1.975576e+00	8.286127e+00	1.474493e+04	1.474613e+04	1.469064e+04	8.358194e+01	8.329202e+01	2024	1	3	0
	362	344	90.500000	4.000000	1.289831e-04	1.009668e+05	1.975576e+00	9.276619e+00	1.481611e+04	1.481907e+04	1.476028e+04	8.264737e+01	8.225230e+01	2024	1	3	6
	364	350	91.000000	2.500000	6.822357e-05	1.007888e+05	2.076263e+00	7.585718e+00	1.468525e+04	1.469251e+04	1.461045e+04	7.965736e+01	8.074402e+01	2024	1	3	12
	375	354	93.750000	1.500000	4.631444e-05	1.006966e+05	4.005316e+00	7.222205e+00	1.479199e+04	1.479306e+04	1.474784e+04	8.169370e+01	8.268819e+01	2024	1	3	18
	366	357	91.500000	0.750000	3.799540e-05	1.008727e+05	2.839612e+00	7.181502e+00	1.473777e+04	1.473913e+04	1.469910e+04	8.505132e+01	8.235183e+01	2024	1	4	0
	363	356	90.750000	1.000000	9.333435e-05	1.009729e+05	2.076263e+00	7.993131e+00	1.480300e+04	1.480476e+04	1.476887e+04	8.289314e+01	8.423673e+01	2024	1	4	6
	355	353	88.750000	1.750000	7.220847e-05	1.008425e+05	1.975576e+00	6.768363e+00	1.469853e+04	1.470375e+04	1.463706e+04	8.425422e+01	8.306201e+01	2024	1	4	12
	360	351	90.000000	2.250000	8.452707e-05	1.010203e+05	2.076263e+00	5.943530e+00	1.481650e+04	1.481879e+04	1.478099e+04	9.139862e+01	8.722311e+01	2024	1	4	18
	352	352	88.000000	2.000000	9.578816e-05	1.008958e+05	1.975576e+00	7.017181e+00	1.471211e+04	1.471553e+04	1.466831e+04	8.689466e+01	8.557849e+01	2024	1	5	0
	350	351	87.500000	2.250000	1.250156e-04	1.010475e+05	1.473507e+00	8.366158e+00	1.484540e+04	1.485061e+04	1.479534e+04	8.890164e+01	8.656342e+01	2024	1	5	6
	348	352	87.000000	2.000000	3.484346e-04	1.009582e+05	1.473507e+00	8.806011e+00	1.478863e+04	1.479194e+04	1.470307e+04	8.516913e+01	8.290799e+01	2024	1	5	12
	347	355	86.750000	1.250000	4.048531e-04	1.010862e+05	1.473507e+00	8.479255e+00	1.490462e+04	1.490758e+04	1.481111e+04	8.350466e+01	8.057619e+01	2024	1	5	18
	349	357	87.250000	0.750000	2.025135e-04	1.008631e+05	1.473507e+00	8.516879e+00	1.472927e+04	1.473423e+04	1.466050e+04	7.734280e+01	7.490566e+01	2024	1	6	0
	353	356	88.250000	1.000000	1.332592e-04	1.010300e+05	1.593932e+00	6.997267e+00	1.485050e+04	1.485235e+04	1.480435e+04	8.540624e+01	7.971702e+01	2024	1	6	6
	355	355	88.750000	1.250000	1.261504e-04	1.009537e+05	1.774866e+00	6.661567e+00	1.478715e+04	1.478806e+04	1.473455e+04	8.777359e+01	8.138374e+01	2024	1	6	12
	353	352	88.250000	2.000000	1.228265e-04	1.010559e+05	1.975576e+00	7.030454e+00	1.488513e+04	1.488983e+04	1.482632e+04	8.939593e+01	8.439198e+01	2024	1	6	18
	350	356	87.500000	1.000000	1.987063e-04	1.009650e+05	1.473507e+00	7.101388e+00	1.475577e+04	1.475912e+04	1.467789e+04	9.155898e+01	8.633377e+01	2024	1	7	0
	352	354	88.000000	1.500000	4.126204e-04	1.010018e+05	1.473507e+00	7.901067e+00	1.482667e+04	1.483072e+04	1.473684e+04	9.023288e+01	8.651776e+01	2024	1	7	6
	349	352	87.250000	2.000000	2.196722e-04	1.008776e+05	1.473507e+00	8.332965e+00	1.472427e+04	1.472835e+04	1.465033e+04	8.794682e+01	8.434177e+01	2024	1	7	12
	345	356	86.250000	1.000000	2.683746e-04	1.009843e+05	1.292679e+00	9.295204e+00	1.483691e+04	1.484151e+04	1.474040e+04	8.854012e+01	8.701411e+01	2024	1	7	18
	344	354	86.000000	1.500000	4.595369e-04	1.008894e+05	1.312922e+00	8.643422e+00	1.476523e+04	1.476666e+04	1.466184e+04	8.604238e+01	8.595551e+01	2024	1	8	0
	342	352	85.500000	2.000000	3.494583e-04	1.010660e+05	1.473417e+00	8.622652e+00	1.490887e+04	1.491137e+04	1.484818e+04	8.366718e+01	8.504371e+01	2024	1	8	6
	339	352	84.750000	2.000000	2.893717e-04	1.009047e+05	1.473417e+00	8.767241e+00	1.474413e+04	1.474762e+04	1.467973e+04	8.400963e+01	8.234859e+01	2024	1	8	12
	339	351	84.750000	2.250000	2.685206e-04	1.010459e+05	1.473417e+00	8.615368e+00	1.486787e+04	1.487182e+04	1.481125e+04	8.371420e+01	8.306588e+01	2024	1	8	18
	338	357	84.500000	0.750000	6.693765e-05	1.008679e+05	1.172245e+00	9.276126e+00	1.468829e+04	1.469213e+04	1.464788e+04	8.110966e+01	8.227810e+01	2024	1	9	0
start	4	2024	1	2	6
	871	341	217.750000	4.750000	4.895071e-04	1.011527e+05	1.152064e+00	1.231187e+01	1.493167e+04	1.493452e+04	1.483959e+04	9.506077e+01	8.512585e+01	2024	1	2	6
	863	342	215.750000	4.500000	2.577098e-04	1.010249e+05	1.152015e+00	1.146757e+01	1.477284e+04	1.477278e+04	1.472467e+04	9.200294e+01	8.259408e+01	2024	1	2	12
	866	337	216.500000	5.750000	3.475235e-04	1.011558e+05	1.111859e+00	1.373624e+01	1.499814e+04	1.500235e+04	1.485803e+04	9.006265e+01	8.504758e+01	2024	1	3	6
	859	340	214.750000	5.000000	5.131722e-04	1.010758e+05	1.152015e+00	1.135845e+01	1.482551e+04	1.482851e+04	1.475295e+04	9.193122e+01	8.317975e+01	2024	1	3	12
start	4	2024	1	2	6
	1438	355	359.500000	1.250000	2.023974e-05	1.012187e+05	1.754308e+00	6.100719e+00	1.498021e+04	1.498218e+04	1.496271e+04	7.965559e+01	8.045714e+01	2024	1	2	6
	1431	357	357.750000	0.750000	1.219823e-05	1.013179e+05	1.855562e+00	7.773073e+00	1.505150e+04	1.505263e+04	1.503542e+04	8.886025e+01	8.488129e+01	2024	1	2	12
	1422	360	355.500000	0.000000	2.289691e-04	1.011624e+05	9.105405e-01	7.444136e+00	1.491580e+04	1.491740e+04	1.487098e+04	8.785706e+01	8.562614e+01	2024	1	2	18
	1418	356	354.500000	1.000000	2.933154e-05	1.013028e+05	9.510855e-01	7.762305e+00	1.505211e+04	1.505410e+04	1.502632e+04	7.716752e+01	7.711987e+01	2024	1	3	12
start	7	2024	1	2	12
	1055	343	263.750000	4.250000	3.669574e-05	1.010979e+05	1.795075e+00	7.437258e+00	1.483121e+04	1.483502e+04	1.479380e+04	9.651865e+01	9.278332e+01	2024	1	2	12
	1046	337	261.500000	5.750000	5.216876e-04	1.011624e+05	1.714862e+00	1.104337e+01	1.495770e+04	1.496301e+04	1.485436e+04	9.186451e+01	8.746935e+01	2024	1	2	18
	1046	338	261.500000	5.500000	6.605852e-04	1.008798e+05	1.714862e+00	1.299047e+01	1.479891e+04	1.480197e+04	1.462214e+04	8.775726e+01	8.523695e+01	2024	1	3	0
	1046	340	261.500000	5.000000	3.647194e-04	1.010978e+05	1.714862e+00	1.050354e+01	1.495961e+04	1.496182e+04	1.482303e+04	8.815871e+01	8.576098e+01	2024	1	3	6
	1044	340	261.000000	5.000000	4.729093e-04	1.010658e+05	1.714862e+00	1.003972e+01	1.487252e+04	1.487272e+04	1.477245e+04	8.530695e+01	8.569477e+01	2024	1	3	12
	1041	338	260.250000	5.500000	2.381222e-04	1.012836e+05	1.714862e+00	1.097692e+01	1.501820e+04	1.501718e+04	1.498396e+04	8.827151e+01	8.653252e+01	2024	1	3	18
	1044	337	261.000000	5.750000	9.137136e-05	1.010467e+05	1.714862e+00	8.215592e+00	1.483937e+04	1.484198e+04	1.479948e+04	8.294032e+01	8.456888e+01	2024	1	4	0
start	4	2024	1	2	18
	704	356	176.000000	1.000000	1.933961e-05	1.008464e+05	1.373035e+00	8.167969e+00	1.470412e+04	1.470542e+04	1.468111e+04	8.395351e+01	8.204558e+01	2024	1	2	18
	713	352	178.250000	2.000000	1.653791e-04	1.008308e+05	1.533920e+00	1.211087e+01	1.470122e+04	1.470326e+04	1.466195e+04	8.467860e+01	8.221513e+01	2024	1	3	12
	703	357	175.750000	0.750000	7.671281e-05	1.006226e+05	1.272560e+00	1.208122e+01	1.458352e+04	1.458895e+04	1.448534e+04	8.886784e+01	8.834991e+01	2024	1	3	18
	694	357	173.500000	0.750000	3.241871e-04	1.007567e+05	1.332845e+00	1.099304e+01	1.467495e+04	1.467895e+04	1.456023e+04	9.027103e+01	8.936368e+01	2024	1	4	0
start	4	2024	1	3	0
	763	352	190.750000	2.000000	2.198108e-05	1.008588e+05	1.111916e+00	9.713667e+00	1.469975e+04	1.470119e+04	1.467664e+04	8.046513e+01	7.333452e+01	2024	1	3	0
	760	356	190.000000	1.000000	7.811352e-05	1.008176e+05	1.674424e+00	1.126231e+01	1.468951e+04	1.469206e+04	1.463146e+04	9.164545e+01	8.569631e+01	2024	1	3	18
	766	355	191.500000	1.250000	1.981598e-05	1.006337e+05	1.111916e+00	1.193346e+01	1.454887e+04	1.455107e+04	1.449748e+04	8.251248e+01	8.248795e+01	2024	1	4	0
	761	350	190.250000	2.500000	4.849606e-05	1.007373e+05	1.111916e+00	1.177412e+01	1.464002e+04	1.464187e+04	1.458149e+04	8.998609e+01	8.674227e+01	2024	1	4	18
start	12	2024	1	3	6
	441	355	110.250000	1.250000	4.106620e-05	9.424878e+04	6.177788e+03	6.480369e+00	1.468118e+04	1.468279e+04	1.465741e+04	8.113828e+01	8.200169e+01	2024	1	3	6
	430	358	107.500000	0.500000	5.892524e-05	9.507682e+04	1.087505e+03	8.476042e+00	1.474208e+04	1.474609e+04	1.467257e+04	9.093909e+01	8.750536e+01	2024	1	3	12
	429	357	107.250000	0.750000	1.884715e-04	9.503756e+04	9.830442e+02	8.124184e+00	1.470546e+04	1.470846e+04	1.464284e+04	9.100267e+01	9.073383e+01	2024	1	3	18
	434	347	108.500000	3.250000	5.286676e-05	9.521667e+04	1.521403e+03	1.063390e+01	1.482141e+04	1.482378e+04	1.478235e+04	8.671360e+01	8.617770e+01	2024	1	4	0
	428	357	107.000000	0.750000	1.012657e-04	9.770753e+04	3.547992e+02	8.604373e+00	1.480598e+04	1.481024e+04	1.474393e+04	8.174792e+01	8.218120e+01	2024	1	4	12
	421	356	105.250000	1.000000	6.207312e-05	9.872349e+04	9.713903e+02	9.500031e+00	1.478528e+04	1.478851e+04	1.475359e+04	9.113927e+01	8.629800e+01	2024	1	5	6
	425	350	106.250000	2.500000	3.929506e-05	9.878116e+04	3.512205e+02	9.667254e+00	1.481088e+04	1.481800e+04	1.475644e+04	8.380251e+01	8.333813e+01	2024	1	5	12
	417	355	104.250000	1.250000	5.612453e-05	9.814906e+04	2.996215e+03	7.602407e+00	1.484437e+04	1.484674e+04	1.481212e+04	8.701614e+01	8.843191e+01	2024	1	6	0
	412	350	103.000000	2.500000	5.535595e-05	9.131303e+04	6.361365e+03	6.993946e+00	1.479101e+04	1.479283e+04	1.476685e+04	9.060843e+01	8.976852e+01	2024	1	6	6
	414	359	103.500000	0.250000	6.776769e-05	8.900470e+04	2.322365e+03	6.451611e+00	1.482572e+04	1.482797e+04	1.477493e+04	8.805080e+01	8.680752e+01	2024	1	6	12
	419	353	104.750000	1.750000	1.302434e-04	9.828381e+04	2.996215e+03	8.640861e+00	1.487435e+04	1.487459e+04	1.482322e+04	8.776493e+01	8.672666e+01	2024	1	7	6
	429	358	107.250000	0.500000	1.733296e-04	9.520059e+04	5.082435e+02	6.456494e+00	1.483080e+04	1.483356e+04	1.478170e+04	7.833002e+01	8.117982e+01	2024	1	7	12
start	4	2024	1	3	18
	541	276	135.250000	21.000000	2.673583e-04	1.009296e+05	1.634699e+00	1.162287e+01	1.475684e+04	1.476029e+04	1.464859e+04	9.556066e+01	9.094569e+01	2024	1	3	18
	540	278	135.000000	20.500000	5.072926e-04	1.011497e+05	1.533197e+00	1.523627e+01	1.493676e+04	1.493755e+04	1.483035e+04	8.999068e+01	8.307625e+01	2024	1	4	0
	547	274	136.750000	21.500000	3.225142e-04	1.010339e+05	1.634699e+00	1.478370e+01	1.478727e+04	1.478695e+04	1.470512e+04	8.660351e+01	8.292712e+01	2024	1	4	6
	543	283	135.750000	19.250000	1.811956e-04	1.012815e+05	1.533197e+00	1.337182e+01	1.503746e+04	1.503929e+04	1.497693e+04	8.195803e+01	8.042933e+01	2024	1	4	12
start	6	2024	1	3	18
	618	350	154.500000	2.500000	2.291962e-05	1.007966e+05	1.694440e+00	7.675790e+00	1.465965e+04	1.466154e+04	1.462971e+04	8.715904e+01	8.558887e+01	2024	1	3	18
	618	356	154.500000	1.000000	2.583605e-05	1.010327e+05	1.694440e+00	6.965119e+00	1.484757e+04	1.484918e+04	1.482223e+04	8.658823e+01	8.345029e+01	2024	1	4	0
	629	353	157.250000	1.750000	1.070672e-05	1.008093e+05	1.694440e+00	7.034778e+00	1.466686e+04	1.466768e+04	1.464187e+04	8.055457e+01	8.052207e+01	2024	1	4	18
	631	351	157.750000	2.250000	1.934520e-05	1.010418e+05	1.372980e+00	6.491889e+00	1.487046e+04	1.487158e+04	1.484856e+04	8.058945e+01	7.934457e+01	2024	1	5	0
	637	360	159.250000	0.000000	1.205574e-05	1.010582e+05	1.634048e+00	5.005067e+00	1.490235e+04	1.490265e+04	1.486944e+04	7.607339e+01	7.563623e+01	2024	1	5	12
	632	357	158.000000	0.750000	1.228531e-05	1.010621e+05	1.372980e+00	6.459050e+00	1.489184e+04	1.489277e+04	1.487475e+04	7.733065e+01	7.772314e+01	2024	1	6	0
start	5	2024	1	5	0
	722	346	180.500000	3.500000	3.794185e-05	1.008688e+05	7.903677e-01	1.177098e+01	1.471480e+04	1.471651e+04	1.466269e+04	9.036968e+01	8.409864e+01	2024	1	5	0
	726	356	181.500000	1.000000	3.995351e-05	1.009752e+05	9.109490e-01	5.286785e+00	1.479506e+04	1.479576e+04	1.477424e+04	8.702123e+01	8.215946e+01	2024	1	5	18
	737	355	184.250000	1.250000	7.773121e-05	1.008921e+05	9.109490e-01	9.097176e+00	1.473664e+04	1.473839e+04	1.470575e+04	8.890233e+01	8.522078e+01	2024	1	6	0
	728	353	182.000000	1.750000	1.893751e-05	1.009150e+05	9.109490e-01	9.733244e+00	1.474964e+04	1.475047e+04	1.470760e+04	8.613651e+01	8.235034e+01	2024	1	6	6
	735	359	183.750000	0.250000	6.699283e-05	1.009207e+05	9.109490e-01	7.122799e+00	1.476422e+04	1.476489e+04	1.472793e+04	8.263995e+01	7.478824e+01	2024	1	6	12
start	5	2024	1	6	6
	1267	346	316.750000	3.500000	1.755785e-04	1.009460e+05	1.513235e+00	1.006735e+01	1.473263e+04	1.473686e+04	1.470048e+04	8.692531e+01	8.243407e+01	2024	1	6	6
	1258	346	314.500000	3.500000	5.984027e-05	1.012227e+05	1.514030e+00	1.074783e+01	1.495481e+04	1.495791e+04	1.491093e+04	8.730895e+01	8.123735e+01	2024	1	6	12
	1260	347	315.000000	3.250000	2.946071e-04	1.009259e+05	1.514030e+00	1.009107e+01	1.472874e+04	1.472854e+04	1.469869e+04	8.663940e+01	7.860405e+01	2024	1	6	18
	1259	353	314.750000	1.750000	1.038385e-04	1.009858e+05	1.493565e+00	8.277561e+00	1.476248e+04	1.476443e+04	1.472872e+04	8.278078e+01	8.382354e+01	2024	1	7	6
	1248	352	312.000000	2.000000	4.145969e-05	1.005653e+05	8.981312e+00	7.291231e+00	1.484347e+04	1.484447e+04	1.483303e+04	8.022833e+01	8.303208e+01	2024	1	7	18
start	4	2024	1	7	12
	936	337	234.000000	5.750000	2.393716e-04	1.007566e+05	1.292632e+00	1.018969e+01	1.459081e+04	1.459614e+04	1.451208e+04	9.600350e+01	9.255261e+01	2024	1	7	12
	928	333	232.000000	6.750000	2.652872e-05	1.011183e+05	1.292632e+00	1.138687e+01	1.487182e+04	1.487472e+04	1.481315e+04	9.025740e+01	8.723215e+01	2024	1	7	18
	919	336	229.750000	6.000000	2.718531e-04	1.012140e+05	1.151974e+00	1.077173e+01	1.493467e+04	1.493342e+04	1.487731e+04	8.424260e+01	8.423415e+01	2024	1	8	6
	919	337	229.750000	5.750000	2.210052e-04	1.009297e+05	1.151974e+00	9.720687e+00	1.468783e+04	1.468838e+04	1.464861e+04	7.956861e+01	8.130457e+01	2024	1	8	12
start	11	2024	1	7	18
	637	358	159.250000	0.500000	1.684297e-05	1.008463e+05	1.634048e+00	8.144978e+00	1.469263e+04	1.469381e+04	1.467453e+04	8.059768e+01	8.230310e+01	2024	1	7	18
	627	358	156.750000	0.500000	1.077959e-05	1.009777e+05	1.312912e+00	5.440533e+00	1.483304e+04	1.483513e+04	1.480936e+04	7.563763e+01	7.853792e+01	2024	1	8	12
	630	359	157.500000	0.250000	1.534983e-05	1.007569e+05	1.372980e+00	7.395478e+00	1.463801e+04	1.464120e+04	1.461612e+04	8.365158e+01	8.283378e+01	2024	1	8	18
	621	360	155.250000	0.000000	2.533360e-05	1.009699e+05	1.292790e+00	7.440415e+00	1.480158e+04	1.480316e+04	1.477712e+04	8.466838e+01	8.295599e+01	2024	1	9	0
	616	358	154.000000	0.500000	2.004695e-05	1.006631e+05	1.754545e+00	7.836587e+00	1.455332e+04	1.455370e+04	1.452529e+04	8.944666e+01	8.775594e+01	2024	1	9	6
	621	351	155.250000	2.250000	2.533174e-05	1.008679e+05	1.694440e+00	1.149075e+01	1.473491e+04	1.473910e+04	1.468961e+04	8.762215e+01	8.404807e+01	2024	1	9	12
	612	358	153.000000	0.500000	2.255659e-04	1.006802e+05	1.754545e+00	9.053180e+00	1.454224e+04	1.454395e+04	1.452186e+04	9.128791e+01	8.745418e+01	2024	1	9	18
	618	357	154.500000	0.750000	2.073916e-05	1.009261e+05	1.694440e+00	8.719183e+00	1.476351e+04	1.476465e+04	1.473396e+04	8.645122e+01	8.326773e+01	2024	1	10	0
	621	356	155.250000	1.000000	2.607703e-05	1.005720e+05	1.694440e+00	7.860021e+00	1.446521e+04	1.446729e+04	1.444353e+04	8.873460e+01	8.666946e+01	2024	1	10	18
	612	360	153.000000	0.000000	1.086295e-05	1.004762e+05	3.221499e+00	5.666652e+00	1.447580e+04	1.447804e+04	1.444953e+04	8.538831e+01	8.603049e+01	2024	1	11	6
	616	351	154.000000	2.250000	1.118332e-05	1.008366e+05	1.694440e+00	7.042887e+00	1.468044e+04	1.468339e+04	1.464181e+04	8.881941e+01	8.205102e+01	2024	1	11	12
start	5	2024	1	8	12
	243	350	60.750000	2.500000	1.146505e-05	1.009107e+05	1.132024e+00	8.208457e+00	1.468194e+04	1.468435e+04	1.465986e+04	7.740254e+01	7.941910e+01	2024	1	8	12
	237	359	59.250000	0.250000	2.423092e-05	1.011209e+05	1.875327e+00	7.575122e+00	1.487676e+04	1.487721e+04	1.486738e+04	7.836205e+01	8.185954e+01	2024	1	8	18
	235	353	58.750000	1.750000	4.917546e-05	1.008579e+05	1.875327e+00	8.091907e+00	1.462955e+04	1.463218e+04	1.459088e+04	7.787126e+01	8.038332e+01	2024	1	9	0
	239	358	59.750000	0.500000	5.617714e-05	1.008389e+05	1.875327e+00	6.812738e+00	1.462683e+04	1.462925e+04	1.458198e+04	7.589268e+01	8.095033e+01	2024	1	9	12
	239	359	59.750000	0.250000	7.253094e-05	1.012092e+05	1.875327e+00	7.312747e+00	1.493179e+04	1.493086e+04	1.492111e+04	7.638016e+01	8.061416e+01	2024	1	9	18
start	8	2024	1	9	6
	331	347	82.750000	3.250000	1.196165e-04	1.009621e+05	1.553779e+00	1.006049e+01	1.485948e+04	1.486458e+04	1.479591e+04	8.891769e+01	8.598695e+01	2024	1	9	6
	326	349	81.500000	2.750000	2.702770e-04	1.006529e+05	2.578475e+00	1.130869e+01	1.465225e+04	1.465864e+04	1.458073e+04	9.240096e+01	8.700882e+01	2024	1	9	12
	324	346	81.000000	3.500000	2.622823e-04	9.889023e+04	4.164174e+00	1.201595e+01	1.481827e+04	1.482343e+04	1.473223e+04	9.218538e+01	8.789507e+01	2024	1	9	18
	314	347	78.500000	3.250000	3.325609e-04	1.007691e+05	2.739393e+00	1.251976e+01	1.465234e+04	1.465927e+04	1.456209e+04	9.051624e+01	8.634843e+01	2024	1	10	0
	309	350	77.250000	2.500000	3.768916e-04	1.009628e+05	2.739393e+00	1.098586e+01	1.482172e+04	1.482662e+04	1.472698e+04	8.824156e+01	8.490919e+01	2024	1	10	6
	304	354	76.000000	1.500000	1.959694e-04	1.007718e+05	2.739393e+00	8.321189e+00	1.463086e+04	1.463598e+04	1.456790e+04	8.182747e+01	8.149112e+01	2024	1	10	12
	306	354	76.500000	1.500000	1.566112e-04	1.010850e+05	2.739393e+00	8.961291e+00	1.488469e+04	1.488754e+04	1.483203e+04	8.493488e+01	8.394708e+01	2024	1	10	18
	302	348	75.500000	3.000000	8.611381e-05	1.010852e+05	2.739393e+00	9.807975e+00	1.489704e+04	1.489888e+04	1.485478e+04	8.729980e+01	8.461517e+01	2024	1	11	6
start	6	2024	1	10	12
	376	342	94.000000	4.500000	8.573057e-05	8.572275e+04	9.615041e+03	9.141433e+00	1.471681e+04	1.471951e+04	1.467440e+04	8.039645e+01	7.631541e+01	2024	1	10	12
	377	350	94.250000	2.500000	7.081032e-05	9.365400e+04	5.391902e+02	8.578171e+00	1.483010e+04	1.483322e+04	1.479090e+04	7.774844e+01	7.695000e+01	2024	1	10	18
	378	351	94.500000	2.250000	7.985369e-05	8.968811e+04	5.391902e+02	7.811653e+00	1.475841e+04	1.476384e+04	1.469706e+04	7.950476e+01	7.798863e+01	2024	1	11	0
	371	358	92.750000	0.500000	7.323176e-05	1.008516e+05	2.839612e+00	8.012718e+00	1.473817e+04	1.473932e+04	1.469844e+04	8.006982e+01	7.691271e+01	2024	1	11	12
	375	351	93.750000	2.250000	6.518560e-05	1.005267e+05	4.005316e+00	9.592842e+00	1.484700e+04	1.484935e+04	1.482558e+04	7.699006e+01	7.705480e+01	2024	1	11	18
	367	357	91.750000	0.750000	6.519351e-05	1.009818e+05	2.839612e+00	7.442702e+00	1.483978e+04	1.484010e+04	1.481512e+04	7.832801e+01	7.702942e+01	2024	1	12	6
start	18	2024	1	11	12
	288	352	72.000000	2.000000	7.510930e-05	1.007306e+05	2.056071e+00	9.621783e+00	1.462808e+04	1.463352e+04	1.456519e+04	8.762299e+01	8.333129e+01	2024	1	11	12
	288	350	72.000000	2.500000	1.649638e-04	1.010197e+05	2.056071e+00	9.123062e+00	1.486075e+04	1.486483e+04	1.480208e+04	8.981338e+01	8.606860e+01	2024	1	11	18
	281	349	70.250000	2.750000	3.532076e-04	1.008702e+05	2.056071e+00	9.763068e+00	1.470221e+04	1.470583e+04	1.464410e+04	8.727089e+01	8.399176e+01	2024	1	12	0
	282	349	70.500000	2.750000	2.324441e-04	1.010438e+05	2.056071e+00	1.109893e+01	1.489936e+04	1.490145e+04	1.480737e+04	8.750731e+01	8.425749e+01	2024	1	12	6
	279	343	69.750000	4.250000	2.133907e-04	1.008387e+05	1.333048e+00	1.185859e+01	1.471455e+04	1.472028e+04	1.461504e+04	8.908054e+01	8.335178e+01	2024	1	12	12
	275	342	68.750000	4.500000	2.637298e-04	1.010655e+05	1.091555e+00	1.120625e+01	1.494346e+04	1.495092e+04	1.482303e+04	8.789152e+01	8.192085e+01	2024	1	12	18
	270	338	67.500000	5.500000	2.131634e-04	1.008361e+05	1.473085e+00	9.975698e+00	1.471117e+04	1.472083e+04	1.462725e+04	8.671087e+01	8.087309e+01	2024	1	13	0
	269	338	67.250000	5.500000	1.593409e-04	1.010670e+05	1.473085e+00	9.711996e+00	1.494100e+04	1.494893e+04	1.483911e+04	8.955626e+01	8.360296e+01	2024	1	13	6
	263	338	65.750000	5.500000	1.508817e-04	1.008261e+05	1.855317e+00	1.010816e+01	1.469676e+04	1.470392e+04	1.459217e+04	9.081633e+01	8.388089e+01	2024	1	13	12
	258	337	64.500000	5.750000	1.587784e-04	1.011238e+05	1.855317e+00	9.900700e+00	1.495241e+04	1.495911e+04	1.484891e+04	9.183929e+01	8.497641e+01	2024	1	13	18
	254	340	63.500000	5.000000	2.064521e-04	1.008201e+05	1.815001e+00	1.033786e+01	1.469659e+04	1.470521e+04	1.458556e+04	9.317264e+01	8.436872e+01	2024	1	14	0
	251	338	62.750000	5.500000	3.643902e-04	1.010236e+05	1.815001e+00	1.239974e+01	1.493810e+04	1.494671e+04	1.478689e+04	9.108852e+01	8.447184e+01	2024	1	14	6
	246	335	61.500000	6.250000	2.730417e-04	1.007877e+05	1.734706e+00	1.161595e+01	1.471673e+04	1.472417e+04	1.458974e+04	9.020845e+01	8.228276e+01	2024	1	14	12
	240	332	60.000000	7.000000	2.612253e-04	1.011121e+05	2.036064e+00	1.237054e+01	1.504447e+04	1.505132e+04	1.489362e+04	8.897713e+01	8.133025e+01	2024	1	14	18
	234	331	58.500000	7.250000	6.492143e-04	1.008787e+05	2.036064e+00	1.233787e+01	1.482738e+04	1.483482e+04	1.464714e+04	8.307963e+01	7.747995e+01	2024	1	15	0
	228	329	57.000000	7.750000	5.049643e-04	1.012911e+05	1.855464e+00	1.287435e+01	1.514606e+04	1.514813e+04	1.504126e+04	8.304470e+01	7.808771e+01	2024	1	15	6
	223	331	55.750000	7.250000	1.155126e-04	1.009287e+05	1.855464e+00	1.189312e+01	1.481355e+04	1.482046e+04	1.473930e+04	8.467232e+01	7.831568e+01	2024	1	15	12
	219	334	54.750000	6.500000	1.208908e-04	1.012634e+05	1.855464e+00	1.037987e+01	1.505073e+04	1.505488e+04	1.500071e+04	8.417737e+01	7.835328e+01	2024	1	15	18
start	6	2024	1	12	6
	751	348	187.750000	3.000000	1.898268e-04	1.007478e+05	8.908575e-01	1.164355e+01	1.461800e+04	1.462002e+04	1.457062e+04	8.421762e+01	7.827726e+01	2024	1	12	6
	750	352	187.500000	2.000000	3.478536e-05	1.007677e+05	1.674424e+00	1.046797e+01	1.465651e+04	1.465607e+04	1.464241e+04	7.750907e+01	7.676012e+01	2024	1	12	12
	749	351	187.250000	2.250000	3.762823e-05	1.005000e+05	1.674424e+00	1.292384e+01	1.446165e+04	1.446446e+04	1.441023e+04	8.113565e+01	7.708109e+01	2024	1	13	6
	742	349	185.500000	2.750000	1.118993e-04	1.005268e+05	8.908540e-01	1.251898e+01	1.446748e+04	1.447234e+04	1.440279e+04	8.919387e+01	8.520613e+01	2024	1	13	18
	740	341	185.000000	4.750000	6.036111e-05	1.004801e+05	8.908540e-01	1.354909e+01	1.440662e+04	1.440908e+04	1.435368e+04	9.404977e+01	8.368135e+01	2024	1	14	0
	730	346	182.500000	3.500000	8.659833e-05	1.005447e+05	7.903677e-01	1.336594e+01	1.447939e+04	1.448102e+04	1.441974e+04	8.213564e+01	8.038417e+01	2024	1	14	12
start	4	2024	1	12	6
	1439	358	359.750000	0.500000	3.372226e-05	1.010278e+05	1.614064e+00	5.572586e+00	1.481088e+04	1.481301e+04	1.479687e+04	7.648142e+01	6.899189e+01	2024	1	12	6
	1	350	0.250000	2.500000	2.441718e-05	1.006485e+05	1.754308e+00	5.703192e+00	1.472746e+04	1.472899e+04	1.471303e+04	7.750536e+01	7.209956e+01	2024	1	12	18
	1438	348	359.500000	3.000000	4.233699e-05	9.941902e+04	2.035131e+00	6.200150e+00	1.486406e+04	1.486557e+04	1.484448e+04	7.727551e+01	7.235163e+01	2024	1	13	6
	1436	347	359.000000	3.250000	2.595037e-05	9.845915e+04	3.096957e+02	6.324583e+00	1.496450e+04	1.496574e+04	1.494217e+04	7.726926e+01	7.378030e+01	2024	1	13	12
start	4	2024	1	13	6
	961	341	240.250000	4.750000	1.417380e-05	1.010970e+05	1.252741e+00	9.646402e+00	1.484511e+04	1.484748e+04	1.480398e+04	8.926604e+01	8.431387e+01	2024	1	13	6
	963	332	240.750000	7.000000	2.901480e-04	1.009041e+05	1.111887e+00	1.184917e+01	1.469329e+04	1.468970e+04	1.464667e+04	8.711516e+01	8.523307e+01	2024	1	13	12
	958	333	239.500000	6.750000	6.328174e-05	1.007641e+05	1.111887e+00	8.849793e+00	1.461372e+04	1.461779e+04	1.455106e+04	9.008523e+01	8.476350e+01	2024	1	14	0
	967	339	241.750000	5.250000	1.436146e-04	1.010416e+05	1.252741e+00	8.654008e+00	1.482724e+04	1.482779e+04	1.478339e+04	9.669241e+01	9.505230e+01	2024	1	14	6
start	25	2024	1	13	6
	429	350	107.250000	2.500000	1.648245e-04	9.749802e+04	4.434648e+02	1.017650e+01	1.473464e+04	1.473631e+04	1.465598e+04	8.899448e+01	8.335485e+01	2024	1	13	6
	431	351	107.750000	2.250000	3.991351e-04	9.512415e+04	9.022812e+02	9.079626e+00	1.477667e+04	1.477865e+04	1.471767e+04	8.757784e+01	8.274675e+01	2024	1	13	12
	434	353	108.500000	1.750000	5.513048e-04	9.514883e+04	6.177788e+03	1.002361e+01	1.478431e+04	1.478449e+04	1.469479e+04	8.785864e+01	8.563982e+01	2024	1	13	18
	438	352	109.500000	2.000000	3.003294e-04	9.521912e+04	6.177788e+03	1.093644e+01	1.483508e+04	1.483531e+04	1.479431e+04	8.322743e+01	8.589584e+01	2024	1	14	0
	443	349	110.750000	2.750000	1.950192e-04	9.444272e+04	6.177788e+03	9.095830e+00	1.476719e+04	1.477082e+04	1.470636e+04	8.566703e+01	8.556462e+01	2024	1	14	12
	447	350	111.750000	2.500000	1.842161e-04	9.075214e+04	5.497522e+03	9.711954e+00	1.471113e+04	1.471376e+04	1.467812e+04	9.104815e+01	8.940575e+01	2024	1	14	18
	444	344	111.000000	4.000000	9.179162e-05	9.639770e+04	5.330605e+02	8.939837e+00	1.481326e+04	1.481650e+04	1.475689e+04	8.649854e+01	8.475457e+01	2024	1	15	0
	440	341	110.000000	4.750000	2.843025e-05	1.003267e+05	4.434648e+02	1.106738e+01	1.473206e+04	1.473663e+04	1.468105e+04	7.917185e+01	8.206922e+01	2024	1	15	12
	441	352	110.250000	2.000000	2.051385e-04	9.495809e+04	6.177788e+03	9.308539e+00	1.467846e+04	1.468115e+04	1.461536e+04	8.786721e+01	8.491631e+01	2024	1	16	6
	442	355	110.500000	1.250000	1.609516e-04	9.278645e+04	6.177788e+03	8.781315e+00	1.473362e+04	1.473635e+04	1.467945e+04	8.721290e+01	8.478277e+01	2024	1	16	12
	442	356	110.500000	1.000000	2.114167e-04	9.310744e+04	6.177788e+03	9.953476e+00	1.470745e+04	1.470821e+04	1.466673e+04	8.683966e+01	8.532525e+01	2024	1	16	18
	443	353	110.750000	1.750000	1.329910e-04	9.252277e+04	6.177788e+03	9.688224e+00	1.457803e+04	1.458552e+04	1.450193e+04	8.119698e+01	8.057546e+01	2024	1	17	6
	433	357	108.250000	0.750000	1.135576e-04	9.497181e+04	6.177788e+03	8.951583e+00	1.467721e+04	1.468368e+04	1.461796e+04	8.574245e+01	8.455970e+01	2024	1	17	12
	440	350	110.000000	2.500000	2.637233e-04	9.499002e+04	6.177788e+03	1.005932e+01	1.468788e+04	1.469326e+04	1.458929e+04	8.708228e+01	8.376027e+01	2024	1	17	18
	434	353	108.500000	1.750000	5.571353e-04	9.511805e+04	6.177788e+03	1.044322e+01	1.475252e+04	1.475684e+04	1.462144e+04	8.760092e+01	8.356792e+01	2024	1	18	0
	432	353	108.000000	1.750000	3.011299e-04	9.494630e+04	2.742021e+03	1.103310e+01	1.465635e+04	1.465975e+04	1.453038e+04	8.682199e+01	8.255708e+01	2024	1	18	6
	430	354	107.500000	1.500000	2.064751e-04	9.503480e+04	9.830442e+02	1.119277e+01	1.470785e+04	1.471372e+04	1.459946e+04	8.043825e+01	8.038921e+01	2024	1	18	12
	434	350	108.500000	2.500000	2.168233e-04	9.500544e+04	2.742021e+03	9.728177e+00	1.467499e+04	1.467992e+04	1.459902e+04	8.389828e+01	8.177293e+01	2024	1	18	18
	434	350	108.500000	2.500000	1.790714e-04	9.508309e+04	2.742021e+03	9.504934e+00	1.475121e+04	1.475733e+04	1.469509e+04	8.853931e+01	8.496687e+01	2024	1	19	0
	436	356	109.000000	1.000000	5.856343e-05	9.489059e+04	6.177788e+03	8.048031e+00	1.463587e+04	1.464212e+04	1.455488e+04	9.056760e+01	8.778117e+01	2024	1	19	6
	425	354	106.250000	1.500000	9.987084e-05	9.993695e+04	3.512205e+02	8.614141e+00	1.476914e+04	1.477354e+04	1.471469e+04	9.280383e+01	8.545476e+01	2024	1	19	12
	432	357	108.000000	0.750000	1.488414e-04	9.519711e+04	2.742021e+03	8.795171e+00	1.481595e+04	1.481974e+04	1.475848e+04	8.895111e+01	8.640894e+01	2024	1	20	0
	433	357	108.250000	0.750000	1.076730e-04	9.510153e+04	6.177788e+03	8.246584e+00	1.475569e+04	1.476036e+04	1.470011e+04	9.091654e+01	8.726784e+01	2024	1	20	6
	425	354	106.250000	1.500000	1.226116e-04	1.000262e+05	3.512205e+02	7.675351e+00	1.483358e+04	1.483748e+04	1.478740e+04	8.734644e+01	8.425076e+01	2024	1	20	12
	433	348	108.250000	3.000000	9.435369e-05	9.521628e+04	1.521403e+03	7.689077e+00	1.485051e+04	1.485484e+04	1.479525e+04	8.848209e+01	8.525209e+01	2024	1	20	18
start	4	2024	1	13	18
	594	359	148.500000	0.250000	2.425071e-05	9.989883e+04	1.252338e+02	6.759003e+00	1.447501e+04	1.447710e+04	1.445041e+04	7.921141e+01	8.118306e+01	2024	1	13	18
	584	354	146.000000	1.500000	4.327018e-05	1.004346e+05	2.357404e+00	9.003294e+00	1.439958e+04	1.439984e+04	1.438602e+04	8.722018e+01	8.613402e+01	2024	1	14	6
	572	354	143.000000	1.500000	1.195597e-04	1.007357e+05	1.795066e+00	1.043051e+01	1.464396e+04	1.464563e+04	1.461111e+04	8.572208e+01	8.456721e+01	2024	1	14	12
	574	351	143.500000	2.250000	3.833370e-05	1.004711e+05	2.317262e+00	1.085305e+01	1.438951e+04	1.439241e+04	1.435625e+04	8.873379e+01	8.155305e+01	2024	1	14	18
start	5	2024	1	15	12
	834	337	208.500000	5.750000	2.061713e-04	1.004767e+05	1.212252e+00	1.102986e+01	1.437271e+04	1.437758e+04	1.431267e+04	9.088871e+01	8.400317e+01	2024	1	15	12
	826	336	206.500000	6.000000	3.078706e-04	1.007024e+05	1.171976e+00	1.192317e+01	1.459380e+04	1.459820e+04	1.451871e+04	9.296304e+01	8.531345e+01	2024	1	15	18
	815	335	203.750000	6.250000	3.815398e-04	1.003610e+05	1.011581e+00	1.218360e+01	1.430158e+04	1.430332e+04	1.422410e+04	9.121235e+01	8.272253e+01	2024	1	16	0
	805	333	201.250000	6.750000	3.805251e-04	1.006391e+05	9.713106e-01	1.199806e+01	1.454439e+04	1.454404e+04	1.448336e+04	8.653887e+01	7.873774e+01	2024	1	16	6
	794	333	198.500000	6.750000	1.842105e-04	1.005636e+05	9.712045e-01	9.429492e+00	1.444449e+04	1.444442e+04	1.441190e+04	8.400214e+01	7.053633e+01	2024	1	17	0
start	5	2024	1	17	0
	655	357	163.750000	0.750000	2.572173e-05	1.006436e+05	1.172084e+00	8.287226e+00	1.453534e+04	1.453830e+04	1.450315e+04	9.350244e+01	8.725694e+01	2024	1	17	0
	652	354	163.000000	1.500000	4.465459e-05	1.005808e+05	1.252460e+00	8.404592e+00	1.447691e+04	1.447961e+04	1.445096e+04	8.900548e+01	8.683215e+01	2024	1	17	12
	659	358	164.750000	0.500000	1.999992e-05	1.004740e+05	1.111828e+00	6.998600e+00	1.437142e+04	1.437228e+04	1.436504e+04	8.872216e+01	8.709582e+01	2024	1	17	18
	655	349	163.750000	2.750000	1.768349e-05	1.006410e+05	1.111851e+00	7.842118e+00	1.455808e+04	1.455890e+04	1.453794e+04	9.102975e+01	8.896614e+01	2024	1	18	0
	643	349	160.750000	2.750000	6.479747e-05	1.004673e+05	1.473517e+00	8.516095e+00	1.435837e+04	1.436048e+04	1.432388e+04	9.177915e+01	8.547558e+01	2024	1	18	6
start	5	2024	1	18	6
	1083	349	270.750000	2.750000	1.654101e-04	1.009463e+05	2.559104e+00	7.034179e+00	1.477317e+04	1.477525e+04	1.473450e+04	9.165852e+01	8.627871e+01	2024	1	18	6
	1081	349	270.250000	2.750000	2.022730e-04	1.008228e+05	2.559104e+00	7.005857e+00	1.470729e+04	1.470799e+04	1.467834e+04	9.187283e+01	8.491749e+01	2024	1	18	12
	1070	352	267.500000	2.000000	2.144696e-05	9.860009e+04	2.075416e+01	6.661640e+00	1.463520e+04	1.463671e+04	1.461034e+04	8.903376e+01	8.679264e+01	2024	1	19	0
	1061	356	265.250000	1.000000	1.345389e-05	1.009602e+05	2.860012e+00	5.904032e+00	1.478432e+04	1.478468e+04	1.477676e+04	8.576855e+01	8.820393e+01	2024	1	19	18
	1072	358	268.000000	0.500000	2.212194e-05	9.852811e+04	2.968146e+03	5.599543e+00	1.457346e+04	1.457415e+04	1.456648e+04	8.844747e+01	9.016346e+01	2024	1	20	0
start	4	2024	1	20	18
	713	338	178.250000	5.500000	3.444548e-04	1.006963e+05	1.332782e+00	9.206259e+00	1.458204e+04	1.458574e+04	1.452075e+04	9.206434e+01	8.644522e+01	2024	1	20	18
	713	329	178.250000	7.750000	1.852463e-04	1.007172e+05	1.372946e+00	1.005149e+01	1.460048e+04	1.460090e+04	1.454274e+04	8.913134e+01	8.642548e+01	2024	1	21	6
	716	331	179.000000	7.250000	8.868682e-05	1.008487e+05	1.332782e+00	8.158755e+00	1.472646e+04	1.472719e+04	1.469939e+04	8.944102e+01	8.041028e+01	2024	1	21	12
	714	331	178.500000	7.250000	1.804063e-04	1.008668e+05	1.332782e+00	1.003668e+01	1.470808e+04	1.470880e+04	1.464439e+04	9.045187e+01	8.445737e+01	2024	1	21	18
start	6	2024	1	20	18
	214	358	53.500000	0.500000	1.889421e-05	1.010903e+05	8.506241e-01	1.175318e+01	1.482016e+04	1.482459e+04	1.477175e+04	7.674647e+01	7.135630e+01	2024	1	20	18
	204	355	51.000000	1.250000	3.909576e-05	1.012662e+05	1.634126e+00	1.288450e+01	1.494546e+04	1.494552e+04	1.492624e+04	8.097948e+01	7.901829e+01	2024	1	21	6
	207	354	51.750000	1.500000	6.826012e-05	1.010768e+05	1.634126e+00	1.315157e+01	1.487185e+04	1.487558e+04	1.481014e+04	9.301760e+01	8.269190e+01	2024	1	21	18
	205	360	51.250000	0.000000	5.957275e-05	1.013072e+05	1.634126e+00	1.128900e+01	1.503384e+04	1.503399e+04	1.501223e+04	9.413730e+01	8.460345e+01	2024	1	22	6
	205	357	51.250000	0.750000	3.115367e-05	1.011277e+05	1.634126e+00	1.138189e+01	1.488900e+04	1.489103e+04	1.488002e+04	7.833538e+01	7.740961e+01	2024	1	23	0
	207	347	51.750000	3.250000	4.602154e-05	1.013627e+05	1.493658e+00	1.172132e+01	1.511121e+04	1.511249e+04	1.510023e+04	8.384898e+01	7.802409e+01	2024	1	23	6
start	4	2024	1	20	18
	369	359	92.250000	0.250000	6.222678e-05	1.011103e+05	2.839612e+00	5.842584e+00	1.493233e+04	1.493305e+04	1.491025e+04	7.615572e+01	7.342018e+01	2024	1	20	18
	366	355	91.500000	1.250000	5.554664e-05	1.011092e+05	2.839612e+00	6.797451e+00	1.492791e+04	1.492947e+04	1.490774e+04	8.223007e+01	7.887764e+01	2024	1	21	6
	359	359	89.750000	0.250000	3.715837e-05	1.010500e+05	2.076263e+00	6.040661e+00	1.486402e+04	1.486552e+04	1.484152e+04	7.551730e+01	7.396749e+01	2024	1	22	0
	362	358	90.500000	0.500000	2.489821e-05	1.010931e+05	2.297254e+00	7.983869e+00	1.492851e+04	1.492815e+04	1.491812e+04	7.520647e+01	6.973140e+01	2024	1	22	12
start	4	2024	1	21	6
	607	360	151.750000	0.000000	1.757848e-05	1.000512e+05	5.108337e+00	9.344843e+00	1.448094e+04	1.448241e+04	1.445449e+04	7.833802e+01	8.010655e+01	2024	1	21	6
	616	357	154.000000	0.750000	4.511583e-05	1.008737e+05	1.433083e+00	8.365520e+00	1.476000e+04	1.475948e+04	1.474151e+04	8.094203e+01	8.262243e+01	2024	1	21	12
	612	355	153.000000	1.250000	8.378713e-05	1.005998e+05	1.352788e+00	9.528259e+00	1.453353e+04	1.453578e+04	1.448827e+04	7.781861e+01	8.194393e+01	2024	1	21	18
	610	346	152.500000	3.500000	3.030687e-05	1.004912e+05	1.393022e+00	1.133728e+01	1.443772e+04	1.444270e+04	1.440136e+04	8.360857e+01	8.443791e+01	2024	1	22	6
start	5	2024	1	21	12
	586	354	146.500000	1.500000	1.188624e-05	1.008217e+05	2.357404e+00	1.053364e+01	1.472698e+04	1.473087e+04	1.468101e+04	8.607282e+01	7.833941e+01	2024	1	21	12
	575	356	143.750000	1.000000	1.528212e-04	1.008050e+05	2.176562e+00	1.106150e+01	1.473983e+04	1.473805e+04	1.466590e+04	8.904955e+01	8.340527e+01	2024	1	22	0
	575	357	143.750000	0.750000	6.505528e-04	1.005762e+05	2.176562e+00	1.061008e+01	1.451138e+04	1.450975e+04	1.442948e+04	8.667323e+01	8.371690e+01	2024	1	22	6
	571	359	142.750000	0.250000	2.048148e-04	1.008791e+05	3.181108e+00	9.796528e+00	1.479859e+04	1.479770e+04	1.476875e+04	8.070420e+01	8.428409e+01	2024	1	22	12
	580	358	145.000000	0.500000	1.062562e-04	1.005077e+05	2.317262e+00	8.401168e+00	1.453115e+04	1.453160e+04	1.450509e+04	7.882682e+01	8.223068e+01	2024	1	22	18
start	5	2024	1	22	6
	1375	354	343.750000	1.500000	2.312451e-05	1.013372e+05	1.272547e+00	4.469432e+00	1.504285e+04	1.504257e+04	1.502973e+04	7.644592e+01	7.673470e+01	2024	1	22	6
	1384	355	346.000000	1.250000	4.021358e-05	1.014427e+05	1.272547e+00	6.617446e+00	1.515474e+04	1.515475e+04	1.513764e+04	8.293417e+01	8.156946e+01	2024	1	23	0
	1377	352	344.250000	2.000000	3.232388e-05	1.013763e+05	1.272547e+00	5.494687e+00	1.510010e+04	1.510111e+04	1.507899e+04	7.895600e+01	7.823842e+01	2024	1	23	12
	1372	358	343.000000	0.500000	2.290518e-05	1.011510e+05	1.071425e+00	6.727812e+00	1.488082e+04	1.488124e+04	1.487662e+04	8.345794e+01	8.350146e+01	2024	1	23	18
	1382	352	345.500000	2.000000	3.456254e-05	1.013005e+05	1.272547e+00	6.793525e+00	1.503665e+04	1.503867e+04	1.501583e+04	8.188811e+01	8.054649e+01	2024	1	24	0
start	12	2024	1	22	18
	596	344	149.000000	4.000000	6.583144e-04	1.005317e+05	2.458132e+00	1.275955e+01	1.450645e+04	1.451160e+04	1.439146e+04	9.031054e+01	8.738837e+01	2024	1	22	18
	594	346	148.500000	3.500000	5.083485e-04	1.009067e+05	2.458132e+00	1.128070e+01	1.480413e+04	1.480782e+04	1.472102e+04	8.051633e+01	8.154297e+01	2024	1	23	0
	594	348	148.500000	3.000000	2.303191e-04	1.006657e+05	2.458132e+00	1.289894e+01	1.456724e+04	1.457107e+04	1.450398e+04	7.979317e+01	8.120642e+01	2024	1	23	6
	597	344	149.250000	4.000000	1.775804e-04	1.009733e+05	2.458132e+00	1.172386e+01	1.481847e+04	1.482195e+04	1.474549e+04	8.657616e+01	8.328889e+01	2024	1	23	12
	601	338	150.250000	5.500000	3.203026e-04	1.007370e+05	1.995848e+00	1.081900e+01	1.467491e+04	1.468148e+04	1.454600e+04	8.750463e+01	8.343425e+01	2024	1	23	18
	598	340	149.500000	5.000000	3.853061e-04	1.011415e+05	1.995705e+00	1.056696e+01	1.497113e+04	1.497230e+04	1.488471e+04	8.795541e+01	8.369086e+01	2024	1	24	0
	596	341	149.000000	4.750000	2.072628e-04	1.007782e+05	2.458132e+00	9.299600e+00	1.469826e+04	1.470394e+04	1.461593e+04	8.326147e+01	8.137696e+01	2024	1	24	6
	593	342	148.250000	4.500000	1.321575e-04	1.010830e+05	2.458132e+00	9.418173e+00	1.492952e+04	1.493452e+04	1.487660e+04	7.563941e+01	7.470695e+01	2024	1	25	0
	582	339	145.500000	5.250000	7.326412e-05	1.008684e+05	2.076308e+00	7.723786e+00	1.473013e+04	1.473398e+04	1.468859e+04	8.399588e+01	8.395387e+01	2024	1	25	6
	571	339	142.750000	5.250000	5.666190e-05	1.012111e+05	1.754831e+00	1.069801e+01	1.501916e+04	1.502266e+04	1.496837e+04	8.466119e+01	8.601368e+01	2024	1	26	0
	563	336	140.750000	6.000000	5.918997e-05	1.008378e+05	1.774505e+00	1.103172e+01	1.469370e+04	1.469803e+04	1.465275e+04	8.791586e+01	8.697745e+01	2024	1	26	6
	560	336	140.000000	6.000000	7.651537e-05	1.010670e+05	1.774505e+00	1.127283e+01	1.491267e+04	1.491928e+04	1.484447e+04	8.639529e+01	8.680259e+01	2024	1	26	12
start	5	2024	1	24	0
	556	338	139.000000	5.500000	7.065316e-05	1.011265e+05	1.774505e+00	8.103090e+00	1.492927e+04	1.493338e+04	1.488508e+04	8.068906e+01	7.953127e+01	2024	1	24	0
	560	349	140.000000	2.750000	1.938897e-05	1.008422e+05	2.176662e+00	7.257792e+00	1.468732e+04	1.468824e+04	1.465731e+04	8.615687e+01	8.265866e+01	2024	1	24	6
	565	350	141.250000	2.500000	1.459687e-04	1.009318e+05	1.573918e+00	5.600400e+00	1.474232e+04	1.474252e+04	1.471334e+04	8.620396e+01	8.384564e+01	2024	1	24	18
	568	348	142.000000	3.000000	3.509130e-05	1.011230e+05	1.795066e+00	6.702311e+00	1.495320e+04	1.495641e+04	1.491668e+04	8.121634e+01	8.125071e+01	2024	1	25	12
	571	339	142.750000	5.250000	5.666190e-05	1.012111e+05	1.754831e+00	1.069801e+01	1.501916e+04	1.502266e+04	1.496837e+04	8.466119e+01	8.601368e+01	2024	1	26	0
start	5	2024	1	24	18
	729	345	182.250000	3.750000	1.310378e-04	1.008828e+05	7.903677e-01	8.760270e+00	1.475972e+04	1.476251e+04	1.470071e+04	9.161922e+01	8.853117e+01	2024	1	24	18
	726	345	181.500000	3.750000	3.424427e-04	1.008620e+05	7.903677e-01	8.808193e+00	1.475405e+04	1.475588e+04	1.468898e+04	8.960272e+01	8.763437e+01	2024	1	25	0
	722	345	180.500000	3.750000	3.386240e-04	1.008474e+05	7.903677e-01	8.223150e+00	1.472492e+04	1.472603e+04	1.468721e+04	8.799972e+01	8.654222e+01	2024	1	25	6
	731	339	182.750000	5.250000	2.214154e-04	1.009300e+05	8.305880e-01	1.016618e+01	1.480535e+04	1.480835e+04	1.476380e+04	9.339613e+01	8.433593e+01	2024	1	25	12
	729	337	182.250000	5.750000	5.235579e-04	1.008823e+05	8.305880e-01	1.095406e+01	1.474226e+04	1.474403e+04	1.465521e+04	8.904617e+01	8.345608e+01	2024	1	25	18
start	5	2024	1	25	0
	544	355	136.000000	1.250000	3.914442e-05	1.001640e+05	5.709496e+02	7.027008e+00	1.498044e+04	1.498231e+04	1.495923e+04	8.258544e+01	8.402309e+01	2024	1	25	0
	541	349	135.250000	2.750000	4.796195e-05	1.008614e+05	1.875548e+00	8.764935e+00	1.475326e+04	1.475717e+04	1.471959e+04	8.743436e+01	8.430112e+01	2024	1	25	6
	540	347	135.000000	3.250000	5.642977e-05	1.011750e+05	1.875548e+00	9.291475e+00	1.497771e+04	1.498164e+04	1.493668e+04	8.719538e+01	8.321091e+01	2024	1	25	12
	538	349	134.500000	2.750000	1.127201e-04	1.011401e+05	2.277088e+00	9.714873e+00	1.507098e+04	1.507159e+04	1.501699e+04	8.992986e+01	8.537533e+01	2024	1	26	0
	535	349	133.750000	2.750000	6.042211e-05	1.010450e+05	2.839759e+00	1.206017e+01	1.498125e+04	1.498217e+04	1.494009e+04	8.108018e+01	8.267017e+01	2024	1	26	12
start	6	2024	1	25	6
	1085	345	271.250000	3.750000	1.830559e-04	1.008694e+05	2.559104e+00	5.494917e+00	1.472708e+04	1.472970e+04	1.468971e+04	8.874710e+01	8.453361e+01	2024	1	25	6
	1091	341	272.750000	4.750000	9.895139e-05	1.008021e+05	5.951065e+01	6.519634e+00	1.469993e+04	1.470221e+04	1.466474e+04	8.896507e+01	8.251251e+01	2024	1	26	0
	1083	341	270.750000	4.750000	3.244604e-04	1.010018e+05	2.559104e+00	7.092064e+00	1.484094e+04	1.484482e+04	1.477863e+04	8.855663e+01	8.234587e+01	2024	1	26	6
	1085	339	271.250000	5.250000	3.945658e-04	1.008850e+05	5.951065e+01	9.187571e+00	1.474853e+04	1.475092e+04	1.467859e+04	8.561745e+01	8.122810e+01	2024	1	26	12
	1087	339	271.750000	5.250000	3.738571e-04	1.010756e+05	5.951065e+01	7.785112e+00	1.490483e+04	1.490369e+04	1.485887e+04	8.459016e+01	8.090347e+01	2024	1	26	18
	1087	339	271.750000	5.250000	2.165849e-04	1.009260e+05	5.951065e+01	6.899607e+00	1.479152e+04	1.479327e+04	1.473160e+04	8.300084e+01	8.066705e+01	2024	1	27	0
start	5	2024	1	25	18
	660	349	165.000000	2.750000	1.775287e-05	1.009433e+05	1.111828e+00	8.399463e+00	1.478612e+04	1.478762e+04	1.474496e+04	9.040716e+01	8.692028e+01	2024	1	25	18
	658	353	164.500000	1.750000	3.218974e-04	1.008038e+05	1.111828e+00	7.782239e+00	1.469339e+04	1.469783e+04	1.463863e+04	8.939754e+01	8.594052e+01	2024	1	26	6
	659	353	164.750000	1.750000	5.132088e-04	1.010880e+05	1.111828e+00	8.737922e+00	1.490338e+04	1.490006e+04	1.484747e+04	9.018077e+01	8.276675e+01	2024	1	26	12
	664	351	166.000000	2.250000	6.428529e-04	1.008286e+05	1.111828e+00	1.098285e+01	1.472832e+04	1.472962e+04	1.459312e+04	8.451075e+01	7.840305e+01	2024	1	26	18
	668	352	167.000000	2.000000	6.483013e-04	1.009600e+05	1.111828e+00	1.252132e+01	1.487119e+04	1.487319e+04	1.472085e+04	8.432251e+01	7.924400e+01	2024	1	27	0
start	13	2024	1	26	18
	544	331	136.000000	7.250000	4.275013e-04	1.008346e+05	1.959272e+02	1.445430e+01	1.473683e+04	1.474401e+04	1.461512e+04	8.739008e+01	8.520422e+01	2024	1	26	18
	542	338	135.500000	5.500000	2.993580e-04	1.007549e+05	4.406010e+00	1.341462e+01	1.468587e+04	1.469237e+04	1.459672e+04	8.232825e+01	8.453921e+01	2024	1	27	6
	539	334	134.750000	6.500000	3.179756e-04	1.011357e+05	1.959272e+02	1.417754e+01	1.498439e+04	1.498764e+04	1.491971e+04	8.549884e+01	8.543422e+01	2024	1	27	12
	540	341	135.000000	4.750000	2.001002e-04	1.008884e+05	1.995751e+00	1.243535e+01	1.477112e+04	1.477685e+04	1.468355e+04	8.462797e+01	8.459522e+01	2024	1	27	18
	530	339	132.500000	5.250000	2.340265e-04	1.011042e+05	1.996006e+00	1.238349e+01	1.497171e+04	1.497874e+04	1.489734e+04	8.428873e+01	8.415688e+01	2024	1	28	0
	526	337	131.500000	5.750000	2.190811e-04	1.009332e+05	2.317568e+00	1.292742e+01	1.480819e+04	1.481249e+04	1.470313e+04	9.035344e+01	8.747504e+01	2024	1	28	6
	525	342	131.250000	4.500000	4.775261e-04	1.011582e+05	2.196874e+00	1.093857e+01	1.499822e+04	1.500218e+04	1.489725e+04	8.596529e+01	8.357838e+01	2024	1	28	12
	525	344	131.250000	4.000000	4.048594e-04	1.006148e+05	2.196874e+00	8.393681e+00	1.483277e+04	1.483464e+04	1.475410e+04	8.502825e+01	8.611343e+01	2024	1	28	18
	526	344	131.500000	4.000000	2.304390e-04	1.012080e+05	2.196874e+00	8.521128e+00	1.504728e+04	1.505173e+04	1.498432e+04	8.094868e+01	8.337234e+01	2024	1	29	0
	525	345	131.250000	3.750000	1.837376e-04	1.003245e+05	2.216755e+00	7.679025e+00	1.479030e+04	1.479418e+04	1.475628e+04	8.309461e+01	8.473998e+01	2024	1	29	6
	525	344	131.250000	4.000000	1.303472e-04	1.007704e+05	2.196874e+00	9.769481e+00	1.501672e+04	1.502030e+04	1.496399e+04	8.105087e+01	8.264381e+01	2024	1	29	12
	521	345	130.250000	3.750000	1.058520e-04	9.850980e+04	2.729244e+02	9.963675e+00	1.484598e+04	1.485090e+04	1.479184e+04	8.344200e+01	8.572216e+01	2024	1	29	18
	529	347	132.250000	3.250000	3.010291e-05	1.011751e+05	2.277088e+00	6.576648e+00	1.504673e+04	1.505008e+04	1.500505e+04	7.954855e+01	8.060608e+01	2024	1	30	0
start	5	2024	1	26	18
	704	357	176.000000	0.750000	9.061582e-05	1.007856e+05	1.272560e+00	6.252843e+00	1.465141e+04	1.465300e+04	1.461625e+04	8.952148e+01	8.554993e+01	2024	1	26	18
	700	349	175.000000	2.750000	6.669101e-04	1.007549e+05	1.573879e+00	1.017740e+01	1.463770e+04	1.464126e+04	1.456359e+04	8.987199e+01	8.960717e+01	2024	1	27	6
	697	349	174.250000	2.750000	3.414897e-04	1.009147e+05	1.373035e+00	1.070541e+01	1.477207e+04	1.477610e+04	1.469196e+04	9.183639e+01	9.069562e+01	2024	1	27	12
	695	349	173.750000	2.750000	3.641322e-04	1.007584e+05	1.373035e+00	1.223248e+01	1.468008e+04	1.468354e+04	1.457243e+04	9.149832e+01	8.733131e+01	2024	1	27	18
	689	348	172.250000	3.000000	1.754351e-04	1.009432e+05	1.292698e+00	1.093255e+01	1.481699e+04	1.482076e+04	1.472847e+04	8.162969e+01	7.497196e+01	2024	1	28	0
start	5	2024	1	27	0
	757	345	189.250000	3.750000	1.547881e-05	1.008320e+05	1.031448e+00	8.021181e+00	1.467657e+04	1.467547e+04	1.465172e+04	9.026320e+01	8.499680e+01	2024	1	27	0
	762	348	190.500000	3.000000	1.244224e-05	1.008467e+05	1.111916e+00	6.555721e+00	1.468121e+04	1.468387e+04	1.463421e+04	9.129379e+01	8.536971e+01	2024	1	27	12
	760	348	190.000000	3.000000	4.664809e-05	1.008924e+05	1.111916e+00	8.637550e+00	1.475232e+04	1.475391e+04	1.467768e+04	9.039699e+01	8.663487e+01	2024	1	27	18
	757	348	189.250000	3.000000	1.032539e-04	1.008942e+05	1.111916e+00	6.584435e+00	1.472900e+04	1.472701e+04	1.468284e+04	9.200209e+01	8.451853e+01	2024	1	28	0
	747	350	186.750000	2.500000	3.701868e-05	1.009582e+05	1.252468e+00	7.079552e+00	1.479803e+04	1.480041e+04	1.474213e+04	8.959256e+01	8.658040e+01	2024	1	28	6
start	4	2024	1	27	0
	616	358	154.000000	0.500000	1.684972e-05	1.012180e+05	1.754545e+00	4.051855e+00	1.502690e+04	1.502705e+04	1.501010e+04	7.584043e+01	7.826472e+01	2024	1	27	0
	610	350	152.500000	2.500000	2.522022e-05	1.009764e+05	1.352788e+00	5.693614e+00	1.481344e+04	1.481351e+04	1.479418e+04	8.072998e+01	8.200164e+01	2024	1	27	18
	602	357	150.500000	0.750000	2.140226e-05	1.006922e+05	9.368683e+00	6.135170e+00	1.475233e+04	1.475324e+04	1.473413e+04	8.443803e+01	8.510108e+01	2024	1	28	6
	603	355	150.750000	1.250000	3.388012e-05	1.009118e+05	2.136161e+00	6.870435e+00	1.482850e+04	1.482890e+04	1.479110e+04	8.640720e+01	8.472158e+01	2024	1	28	18
start	4	2024	1	28	0
	333	347	83.250000	3.250000	4.257634e-05	1.011792e+05	1.473417e+00	9.750022e+00	1.494912e+04	1.495119e+04	1.492122e+04	7.566790e+01	7.403687e+01	2024	1	28	0
	337	341	84.250000	4.750000	4.941644e-05	1.013642e+05	1.473417e+00	1.037867e+01	1.510748e+04	1.511105e+04	1.505926e+04	8.598717e+01	8.326802e+01	2024	1	28	6
	336	346	84.000000	3.500000	4.545203e-05	1.011222e+05	1.473417e+00	9.613438e+00	1.491553e+04	1.491803e+04	1.489050e+04	7.907862e+01	7.924591e+01	2024	1	28	12
	326	346	81.500000	3.500000	6.749714e-05	9.916077e+04	2.578475e+00	1.054934e+01	1.508833e+04	1.509095e+04	1.506373e+04	8.345116e+01	8.130177e+01	2024	1	28	18
start	10	2024	1	28	12
	700	354	175.000000	1.500000	6.756536e-05	1.010002e+05	1.373035e+00	1.128845e+01	1.484195e+04	1.484607e+04	1.479413e+04	8.249883e+01	7.713988e+01	2024	1	28	12
	696	349	174.000000	2.750000	8.655339e-05	1.009780e+05	1.373035e+00	6.966046e+00	1.480125e+04	1.480274e+04	1.475870e+04	8.325662e+01	7.747011e+01	2024	1	29	0
	692	344	173.000000	4.000000	6.279978e-05	1.007825e+05	1.292698e+00	8.161002e+00	1.465306e+04	1.465712e+04	1.461128e+04	8.767836e+01	7.940536e+01	2024	1	29	6
	687	341	171.750000	4.750000	7.944484e-05	1.009204e+05	1.292698e+00	8.254215e+00	1.479354e+04	1.479831e+04	1.474974e+04	8.984712e+01	8.021486e+01	2024	1	29	12
	679	343	169.750000	4.250000	2.280416e-04	1.008338e+05	7.502871e-01	8.338739e+00	1.470345e+04	1.470636e+04	1.461684e+04	8.299617e+01	7.708405e+01	2024	1	29	18
	678	342	169.500000	4.500000	5.566503e-04	1.009141e+05	7.502871e-01	1.171628e+01	1.480624e+04	1.480957e+04	1.467180e+04	8.601894e+01	8.037155e+01	2024	1	30	0
	679	343	169.750000	4.250000	7.203126e-04	1.007281e+05	7.502871e-01	1.369758e+01	1.473464e+04	1.473883e+04	1.455160e+04	8.294187e+01	7.679300e+01	2024	1	30	6
	677	340	169.250000	5.000000	4.117901e-04	1.010174e+05	7.903063e-01	1.255738e+01	1.491779e+04	1.491841e+04	1.483455e+04	7.544685e+01	7.026933e+01	2024	1	30	12
	678	338	169.500000	5.500000	4.796435e-04	1.008502e+05	1.252531e+00	1.345196e+01	1.475381e+04	1.475408e+04	1.466260e+04	7.652685e+01	7.100967e+01	2024	1	30	18
	673	333	168.250000	6.750000	2.416298e-04	1.008425e+05	1.252531e+00	1.178485e+01	1.473751e+04	1.473896e+04	1.468080e+04	7.945159e+01	7.762118e+01	2024	1	31	6
start	5	2024	1	28	18
	821	346	205.250000	3.500000	2.216049e-04	1.009998e+05	8.104999e-01	1.097505e+01	1.484799e+04	1.485184e+04	1.477798e+04	8.995879e+01	8.201306e+01	2024	1	28	18
	826	354	206.500000	1.500000	2.261165e-04	1.009135e+05	9.711490e-01	8.539664e+00	1.473920e+04	1.473988e+04	1.469578e+04	9.333708e+01	8.425710e+01	2024	1	29	6
	816	349	204.000000	2.750000	4.326482e-05	1.008074e+05	4.949045e+00	8.396224e+00	1.466976e+04	1.467222e+04	1.461224e+04	7.592063e+01	7.664738e+01	2024	1	29	12
	808	357	202.000000	0.750000	4.910841e-05	1.011038e+05	4.949045e+00	6.784452e+00	1.485184e+04	1.485194e+04	1.481671e+04	8.815823e+01	7.894045e+01	2024	1	29	18
	815	359	203.750000	0.250000	1.948117e-05	1.010971e+05	4.949045e+00	4.920892e+00	1.487387e+04	1.487555e+04	1.484585e+04	8.109978e+01	8.365082e+01	2024	1	30	6
start	5	2024	1	28	18
	849	352	212.250000	2.000000	1.108134e-05	1.010168e+05	9.712098e-01	8.401509e+00	1.482903e+04	1.483140e+04	1.478310e+04	9.553850e+01	9.176911e+01	2024	1	28	18
	846	345	211.500000	3.750000	1.558140e-04	1.007280e+05	6.496806e-01	9.650131e+00	1.458002e+04	1.458261e+04	1.454270e+04	8.910091e+01	8.095634e+01	2024	1	29	0
	845	350	211.250000	2.500000	1.948990e-04	1.008124e+05	9.712098e-01	8.858306e+00	1.463961e+04	1.464107e+04	1.460711e+04	9.168082e+01	8.502534e+01	2024	1	29	12
	841	343	210.250000	4.250000	3.144767e-04	1.008301e+05	1.212252e+00	8.751461e+00	1.466039e+04	1.466291e+04	1.461130e+04	8.834558e+01	8.006735e+01	2024	1	30	0
	838	341	209.500000	4.750000	4.973316e-04	1.010731e+05	1.212252e+00	9.567292e+00	1.487231e+04	1.487420e+04	1.480922e+04	8.498623e+01	7.526567e+01	2024	1	30	6
start	6	2024	1	30	6
	1067	347	266.750000	3.250000	1.188421e-04	1.010361e+05	1.117684e+01	8.735783e+00	1.483316e+04	1.483441e+04	1.481360e+04	9.273845e+01	8.690568e+01	2024	1	30	6
	1056	351	264.000000	2.250000	7.556030e-05	1.009044e+05	1.413172e+00	7.837945e+00	1.471087e+04	1.471366e+04	1.468780e+04	9.523564e+01	9.019727e+01	2024	1	30	12
	1058	353	264.500000	1.750000	9.724987e-05	1.011222e+05	1.413172e+00	7.776474e+00	1.489366e+04	1.489462e+04	1.486385e+04	9.486093e+01	9.175294e+01	2024	1	30	18
	1055	346	263.750000	3.500000	1.085657e-04	1.009241e+05	1.413172e+00	1.069135e+01	1.472013e+04	1.472276e+04	1.468129e+04	9.384740e+01	8.701534e+01	2024	1	31	0
	1049	345	262.250000	3.750000	4.722103e-04	1.010715e+05	1.493493e+00	1.121848e+01	1.488144e+04	1.488394e+04	1.480180e+04	9.013882e+01	8.595397e+01	2024	1	31	6
	1048	342	262.000000	4.500000	2.257598e-04	1.008731e+05	1.714862e+00	1.093079e+01	1.469189e+04	1.469683e+04	1.464844e+04	8.925964e+01	8.408228e+01	2024	1	31	12
