2024	1	1	1	0
	824	169	206.000000	47.750000	9.581962e+04	2.330866e+01	-1.219309e-02
2024	1	1	5	6
	34	114	8.500000	61.500000	8.432977e+04	1.239080e+01	1.553079e+04
	1277	153	319.250000	51.750000	9.682077e+04	1.899785e+01	9.940026e-01
	827	160	206.750000	50.000000	9.577777e+04	2.513716e+01	-4.336840e-01
	1150	419	287.500000	-14.750000	5.686977e+04	3.745746e+00	4.787863e+04
	340	607	85.000000	-61.750000	9.590777e+04	1.616859e+01	-5.348411e-01
2024	1	1	4	12
	69	44	17.250000	79.000000	9.003084e+04	1.375716e+01	1.040664e+04
	1285	154	321.250000	51.500000	9.705184e+04	1.810124e+01	-9.577690e-01
	549	376	137.250000	-4.000000	7.019884e+04	4.894654e+00	3.434546e+04
	349	609	87.250000	-62.250000	9.620384e+04	1.773652e+01	-1.335969e+00
2024	1	1	0	18
2024	1	2	2	0
	69	44	17.250000	79.000000	9.040509e+04	1.280690e+01	1.040664e+04
	188	438	47.000000	-19.500000	8.151409e+04	9.006192e+00	1.882964e+04
2024	1	2	4	6
	188	438	47.000000	-19.500000	8.160768e+04	9.437889e+00	1.882964e+04
	1340	578	335.000000	-54.500000	9.711668e+04	1.876784e+01	5.073135e-01
	1079	588	269.750000	-57.000000	9.715668e+04	1.819635e+01	1.314790e+00
	719	629	179.750000	-67.250000	9.655568e+04	8.102533e+00	9.758775e-02
2024	1	2	7	12
	1077	168	269.250000	48.000000	9.469888e+04	1.171862e+01	5.456517e+03
	188	438	47.000000	-19.500000	8.146688e+04	1.082301e+01	1.882964e+04
	222	445	55.500000	-21.250000	9.300288e+04	6.654906e+00	8.088651e+03
	312	579	78.000000	-54.750000	9.578088e+04	1.905673e+01	-4.983366e-01
	1342	581	335.500000	-55.250000	9.714388e+04	1.885555e+01	-6.345421e-01
	731	632	182.750000	-68.000000	9.657588e+04	8.504229e+00	3.266780e-01
	732	632	183.000000	-68.000000	9.657588e+04	8.504229e+00	1.053115e+00
2024	1	2	5	18
	1150	419	287.500000	-14.750000	5.684538e+04	4.497417e+00	4.787863e+04
	188	438	47.000000	-19.500000	8.160438e+04	9.824954e+00	1.882964e+04
	528	455	132.000000	-23.750000	9.198138e+04	1.006947e+01	7.825444e+03
	1346	580	336.500000	-55.000000	9.722438e+04	2.019430e+01	1.698486e-01
	326	587	81.500000	-56.750000	9.536638e+04	2.149456e+01	8.519083e-03
2024	1	3	3	0
	1147	557	286.750000	-49.250000	8.469384e+04	8.136435e+00	1.565129e+04
	1355	578	338.750000	-54.500000	9.761484e+04	1.949004e+01	1.280051e-01
	340	595	85.000000	-58.750000	9.537084e+04	2.125077e+01	1.261312e-01
2024	1	3	8	6
	241	58	60.250000	75.500000	8.983278e+04	1.165149e+01	7.256258e+03
	772	145	193.000000	53.750000	9.160678e+04	2.010073e+01	2.459923e+03
	479	371	119.750000	-2.750000	8.216778e+04	5.979236e+00	1.932979e+04
	1147	557	286.750000	-49.250000	8.461678e+04	1.031312e+01	1.565129e+04
	1367	578	341.750000	-54.500000	9.792378e+04	1.929181e+01	4.487176e-01
	353	603	88.250000	-60.750000	9.551978e+04	1.986196e+01	4.752582e-02
	765	640	191.250000	-70.000000	9.638378e+04	8.720748e+00	-1.345253e+00
	766	641	191.500000	-70.250000	9.638378e+04	8.223681e+00	-2.434849e+00
2024	1	3	2	12
	358	609	89.500000	-62.250000	9.567882e+04	1.549386e+01	-7.168579e-01
	771	643	192.750000	-70.750000	9.639282e+04	9.097793e+00	1.130129e-01
2024	1	3	2	18
	1433	602	358.250000	-60.500000	9.773556e+04	1.501253e+01	3.032514e-02
	777	646	194.250000	-71.500000	9.638156e+04	8.636353e+00	5.607173e-02
2024	1	4	1	0
	356	609	89.000000	-62.250000	9.536767e+04	1.294250e+01	2.273861e-01
2024	1	4	3	6
	711	88	177.750000	68.000000	8.873186e+04	1.201703e+01	1.059366e+04
	223	474	55.750000	-28.500000	9.940886e+04	2.343759e+01	-5.753967e-01
	362	610	90.500000	-62.500000	9.542986e+04	1.441060e+01	-3.535356e-01
2024	1	4	4	12
	69	44	17.250000	79.000000	8.995553e+04	1.332057e+01	1.040664e+04
	711	88	177.750000	68.000000	8.871753e+04	1.166550e+01	1.059366e+04
	504	425	126.000000	-16.250000	9.483153e+04	7.508925e+00	5.997688e+03
	230	475	57.500000	-28.750000	9.917253e+04	2.310024e+01	6.891502e-01
2024	1	4	3	18
	842	430	210.500000	-17.500000	1.003203e+05	1.239910e+01	1.932643e+03
	237	480	59.250000	-30.000000	9.958834e+04	2.182650e+01	-2.948014e-01
	451	627	112.750000	-66.750000	8.276134e+04	2.648514e+01	1.244010e+04
2024	1	5	4	0
	70	91	17.500000	67.250000	8.806779e+04	1.465316e+01	1.130213e+04
	774	247	193.500000	28.250000	1.009908e+05	1.315888e+01	7.899690e-01
	240	483	60.000000	-30.750000	9.952579e+04	2.156709e+01	1.278187e-01
	451	626	112.750000	-66.500000	8.267479e+04	2.106718e+01	1.248196e+04
2024	1	5	5	6
	70	91	17.500000	67.250000	8.804349e+04	1.243423e+01	1.130213e+04
	1176	91	294.000000	67.250000	8.231949e+04	1.150531e+01	1.591282e+04
	1259	165	314.750000	48.750000	9.820849e+04	1.785327e+01	-5.371470e-01
	1256	166	314.000000	48.500000	9.820849e+04	1.785327e+01	6.486565e-01
	1150	419	287.500000	-14.750000	5.686049e+04	3.207694e+00	4.787863e+04
2024	1	5	2	12
	70	91	17.500000	67.250000	8.819016e+04	9.720619e+00	1.130213e+04
	1176	91	294.000000	67.250000	8.224116e+04	1.213685e+01	1.591282e+04
2024	1	5	4	18
	1176	91	294.000000	67.250000	8.227816e+04	1.197733e+01	1.591282e+04
	233	143	58.250000	54.250000	9.175616e+04	3.615678e+00	8.650082e+03
	549	376	137.250000	-4.000000	7.003916e+04	4.491767e+00	3.434546e+04
	640	399	160.000000	-9.750000	9.455416e+04	6.051311e+00	5.910511e+03
2024	1	6	2	0
	1176	91	294.000000	67.250000	8.247606e+04	8.876930e+00	1.591282e+04
	177	298	44.250000	15.500000	7.544706e+04	1.020259e+01	2.247823e+04
2024	1	6	1	6
	533	414	133.250000	-13.500000	9.638103e+04	5.681058e+00	3.774556e+03
2024	1	6	2	12
	188	438	47.000000	-19.500000	8.203070e+04	6.116477e+00	1.882964e+04
	936	665	234.000000	-76.250000	7.190970e+04	8.018119e+00	2.313825e+04
2024	1	6	2	18
	864	84	216.000000	69.000000	8.173885e+04	1.309971e+01	1.652295e+04
	772	145	193.000000	53.750000	9.275685e+04	2.489952e+01	2.459923e+03
2024	1	7	1	0
	711	183	177.750000	44.250000	9.969603e+04	2.026377e+01	7.088927e-01
2024	1	7	1	6
	1268	157	317.000000	50.750000	9.558181e+04	2.543769e+01	-1.439010e+00
2024	1	7	4	12
	1289	70	322.250000	72.500000	6.627759e+04	1.619797e+01	3.165362e+04
	1264	151	316.000000	52.250000	9.549059e+04	2.266099e+01	2.489978e-01
	549	376	137.250000	-4.000000	7.020059e+04	4.332639e+00	3.434546e+04
	188	438	47.000000	-19.500000	8.187059e+04	6.083866e+00	1.882964e+04
2024	1	7	2	18
	1260	149	315.000000	52.750000	9.567832e+04	1.971926e+01	3.660115e-01
	1093	674	273.250000	-78.500000	7.068032e+04	6.078260e+00	2.330432e+04
2024	1	8	6	0
	1258	148	314.500000	53.000000	9.616942e+04	1.786336e+01	-1.343739e-01
	1259	148	314.750000	53.000000	9.616942e+04	1.779006e+01	6.471800e-02
	1241	473	310.250000	-28.250000	8.693342e+04	1.182425e+01	1.338939e+04
	458	587	114.500000	-56.750000	9.673242e+04	1.728041e+01	3.268172e-01
	459	587	114.750000	-56.750000	9.673242e+04	1.748119e+01	3.069870e-01
	1093	674	273.250000	-78.500000	7.069642e+04	6.169235e+00	2.330432e+04
2024	1	8	7	6
	440	58	110.000000	75.500000	9.177495e+04	8.073606e+00	6.720200e+03
	1260	149	315.000000	52.750000	9.639495e+04	1.799613e+01	3.660115e-01
	277	557	69.250000	-49.250000	9.750095e+04	1.610093e+01	3.562759e+03
	470	592	117.500000	-58.000000	9.663995e+04	1.453454e+01	2.082127e-01
	471	592	117.750000	-58.000000	9.663995e+04	1.483990e+01	-1.309804e-01
	472	592	118.000000	-58.000000	9.663995e+04	1.532962e+01	2.278644e-01
	1093	674	273.250000	-78.500000	7.068495e+04	6.627425e+00	2.330432e+04
2024	1	8	6	12
	1265	147	316.250000	53.250000	9.661474e+04	1.691811e+01	1.131459e+00
	389	345	97.250000	3.750000	8.257674e+04	4.745952e+00	2.103244e+04
	146	362	36.500000	-0.500000	7.465174e+04	4.491455e+00	2.409771e+04
	533	414	133.250000	-13.500000	9.673574e+04	4.345002e+00	3.774556e+03
	1147	557	286.750000	-49.250000	8.390774e+04	1.550528e+01	1.565129e+04
	1093	674	273.250000	-78.500000	7.068174e+04	6.711821e+00	2.330432e+04
2024	1	8	3	18
	1268	141	317.000000	54.750000	9.673491e+04	1.747409e+01	3.459594e-01
	317	394	79.250000	-8.500000	1.010129e+05	1.095213e+01	-3.748474e-01
	54	420	13.500000	-15.000000	8.191391e+04	6.742084e+00	1.823007e+04
2024	1	9	5	0
	74	88	18.500000	68.000000	8.889489e+04	1.373686e+01	1.167255e+04
	1372	102	343.000000	64.500000	8.455889e+04	1.421617e+01	1.504350e+04
	1261	134	315.250000	56.500000	9.711789e+04	1.529695e+01	-4.571359e-01
	1262	134	315.500000	56.500000	9.711789e+04	1.565255e+01	5.674000e-01
	1179	338	294.750000	5.500000	8.572489e+04	3.081176e+00	1.476739e+04
2024	1	9	3	6
	1372	102	343.000000	64.500000	8.449906e+04	1.396364e+01	1.504350e+04
	694	175	173.500000	46.250000	9.646806e+04	2.424367e+01	-1.123322e-01
	309	319	77.250000	10.250000	8.643806e+04	7.364437e+00	1.462617e+04
2024	1	9	6	12
	1372	102	343.000000	64.500000	8.468288e+04	1.478512e+01	1.504350e+04
	34	114	8.500000	61.500000	8.690188e+04	8.718278e+00	1.553079e+04
	704	171	176.000000	47.250000	9.647788e+04	2.462920e+01	2.056063e+00
	502	395	125.500000	-8.750000	9.153988e+04	7.732263e+00	1.120923e+04
	626	537	156.500000	-44.250000	9.987388e+04	1.464119e+01	1.091568e+00
	128	592	32.000000	-58.000000	9.686088e+04	1.843079e+01	8.296767e-01
2024	1	9	4	18
	241	58	60.250000	75.500000	9.101423e+04	1.264649e+01	7.256258e+03
	1260	108	315.000000	63.000000	6.926323e+04	3.318024e+01	2.778516e+04
	34	114	8.500000	61.500000	8.695723e+04	8.791652e+00	1.553079e+04
	631	543	157.750000	-45.750000	9.984923e+04	1.547777e+01	-4.953090e-01
2024	1	10	2	0
	34	114	8.500000	61.500000	8.693412e+04	9.360186e+00	1.553079e+04
	1074	298	268.500000	15.500000	7.609512e+04	7.334029e+00	2.830908e+04
2024	1	10	2	6
	463	343	115.750000	4.250000	8.670477e+04	7.868561e+00	1.352554e+04
	977	575	244.250000	-53.750000	1.008778e+05	1.131306e+01	1.092191e+00
2024	1	10	2	12
	1165	472	291.250000	-28.000000	5.519675e+04	6.056543e+00	5.026547e+04
	1147	557	286.750000	-49.250000	8.490875e+04	8.396550e+00	1.565129e+04
2024	1	10	2	18
	34	114	8.500000	61.500000	8.663000e+04	1.108435e+01	1.553079e+04
	1147	557	286.750000	-49.250000	8.519600e+04	8.602752e+00	1.565129e+04
2024	1	11	0	0
2024	1	11	3	6
	34	114	8.500000	61.500000	8.649225e+04	9.881920e+00	1.553079e+04
	485	263	121.250000	24.250000	7.936125e+04	1.260860e+01	2.229731e+04
	682	534	170.500000	-43.500000	8.591725e+04	9.142967e+00	1.504630e+04
2024	1	11	7	12
	564	110	141.000000	62.500000	7.752259e+04	2.758454e+00	1.960690e+04
	34	114	8.500000	61.500000	8.659159e+04	9.785855e+00	1.553079e+04
	511	197	127.750000	40.750000	8.248159e+04	1.402445e+01	1.738335e+04
	1316	208	329.000000	38.000000	9.766259e+04	2.294355e+01	2.488101e-01
	485	263	121.250000	24.250000	7.950359e+04	1.066648e+01	2.229731e+04
	533	414	133.250000	-13.500000	9.650159e+04	6.422215e+00	3.774556e+03
	216	627	54.000000	-66.750000	7.688059e+04	8.155532e+00	1.881004e+04
2024	1	11	7	18
	564	110	141.000000	62.500000	7.747673e+04	2.689631e+00	1.960690e+04
	511	197	127.750000	40.750000	8.253273e+04	1.180431e+01	1.738335e+04
	1313	208	328.250000	38.000000	9.765973e+04	1.960013e+01	7.320495e-01
	1150	419	287.500000	-14.750000	5.684574e+04	4.897818e+00	4.787863e+04
	1294	578	323.500000	-54.500000	9.223473e+04	1.376013e+01	4.910062e+03
	736	623	184.000000	-65.750000	9.584173e+04	1.468365e+01	-1.323536e+00
	216	627	54.000000	-66.750000	7.705873e+04	7.522060e+00	1.881004e+04
2024	1	12	6	0
	564	110	141.000000	62.500000	7.746716e+04	3.205011e+00	1.960690e+04
	187	192	46.750000	42.000000	7.147816e+04	8.438638e+00	2.829298e+04
	1312	210	328.000000	37.500000	9.812016e+04	1.794361e+01	1.092167e+00
	229	413	57.250000	-13.250000	1.005052e+05	1.120045e+01	1.151954e+00
	1150	419	287.500000	-14.750000	5.688616e+04	2.972066e+00	4.787863e+04
	749	624	187.250000	-66.000000	9.570516e+04	1.490010e+01	-1.238910e+00
2024	1	12	6	6
	564	110	141.000000	62.500000	7.741475e+04	3.493393e+00	1.960690e+04
	1312	211	328.000000	37.250000	9.823275e+04	1.697427e+01	3.283845e-01
	228	411	57.000000	-12.750000	1.005538e+05	1.216616e+01	-5.355036e-01
	533	414	133.250000	-13.500000	9.607775e+04	9.000318e+00	3.774556e+03
	1147	557	286.750000	-49.250000	8.492375e+04	7.395684e+00	1.565129e+04
	765	626	191.250000	-66.500000	9.582875e+04	1.573739e+01	-1.366765e-01
2024	1	12	4	12
	240	100	60.000000	65.000000	8.852768e+04	5.117532e+00	9.706324e+03
	564	110	141.000000	62.500000	7.737568e+04	3.789627e+00	1.960690e+04
	818	282	204.500000	19.500000	7.562668e+04	1.588395e+01	2.549661e+04
	228	412	57.000000	-13.000000	1.002967e+05	1.197317e+01	7.700458e-01
2024	1	12	7	18
	240	100	60.000000	65.000000	8.848447e+04	5.353141e+00	9.706324e+03
	564	110	141.000000	62.500000	7.731847e+04	3.720803e+00	1.960690e+04
	511	197	127.750000	40.750000	8.286647e+04	1.267957e+01	1.738335e+04
	640	399	160.000000	-9.750000	9.449747e+04	5.808698e+00	5.910511e+03
	229	416	57.250000	-14.000000	1.004885e+05	1.169961e+01	5.294632e-01
	156	588	39.000000	-57.000000	9.560647e+04	2.153905e+01	2.714477e-01
	653	617	163.250000	-64.250000	9.754747e+04	1.126350e+01	3.256986e-01
2024	1	13	2	0
	640	399	160.000000	-9.750000	9.462606e+04	4.789812e+00	5.910511e+03
	1261	449	315.250000	-22.250000	8.629406e+04	4.974037e+00	1.526378e+04
2024	1	13	3	6
	551	215	137.750000	36.250000	8.354502e+04	1.624698e+01	1.444707e+04
	533	414	133.250000	-13.500000	9.589302e+04	1.056956e+01	3.774556e+03
	188	585	47.000000	-56.250000	9.554202e+04	2.217136e+01	7.907214e-01
2024	1	13	1	12
	682	534	170.500000	-43.500000	8.570615e+04	1.081802e+01	1.504630e+04
2024	1	13	8	18
	659	49	164.750000	77.750000	1.000378e+05	1.102833e+01	-1.583789e-01
	379	405	94.750000	-11.250000	1.007908e+05	1.057492e+01	-7.319130e-02
	712	431	178.000000	-17.750000	9.522983e+04	9.179725e+00	6.201385e+03
	1261	449	315.250000	-22.250000	8.626183e+04	9.897755e+00	1.526378e+04
	682	534	170.500000	-43.500000	8.536983e+04	1.089670e+01	1.504630e+04
	1365	603	341.250000	-60.750000	9.464983e+04	1.597151e+01	1.755376e+00
	939	666	234.750000	-76.500000	7.318783e+04	2.221116e+01	2.353709e+04
	940	666	235.000000	-76.500000	7.318783e+04	2.221116e+01	2.304210e+04
2024	1	14	6	0
	241	58	60.250000	75.500000	9.071912e+04	8.679674e+00	7.256258e+03
	1278	224	319.500000	34.000000	1.001201e+05	1.766705e+01	1.680109e-01
	640	399	160.000000	-9.750000	9.461212e+04	4.872738e+00	5.910511e+03
	379	405	94.750000	-11.250000	1.006441e+05	1.216056e+01	-7.319130e-02
	1261	449	315.250000	-22.250000	8.644812e+04	7.545715e+00	1.526378e+04
	682	534	170.500000	-43.500000	8.517812e+04	1.071838e+01	1.504630e+04
2024	1	14	4	6
	965	211	241.250000	37.250000	7.133162e+04	5.650852e+00	3.137295e+04
	1285	229	321.250000	32.750000	9.995162e+04	1.549665e+01	1.473220e-01
	379	405	94.750000	-11.250000	1.006016e+05	1.330416e+01	-7.319130e-02
	1147	557	286.750000	-49.250000	8.382262e+04	9.506168e+00	1.565129e+04
2024	1	14	4	12
	633	332	158.250000	7.000000	1.005597e+05	1.111027e+01	4.042177e+02
	377	404	94.250000	-11.000000	1.003967e+05	1.253289e+01	-1.340400e-01
	222	445	55.500000	-21.250000	9.263672e+04	2.150633e+01	8.088651e+03
	782	624	195.500000	-66.000000	9.603372e+04	1.461022e+01	9.452534e-01
2024	1	14	5	18
	69	44	17.250000	79.000000	9.070414e+04	1.121285e+01	1.040664e+04
	375	403	93.750000	-10.750000	1.004851e+05	1.209393e+01	6.495788e-01
	1150	419	287.500000	-14.750000	5.690114e+04	4.861000e+00	4.787863e+04
	576	438	144.000000	-19.500000	9.092714e+04	5.052719e+00	8.602448e+03
	222	445	55.500000	-21.250000	9.275914e+04	2.440034e+01	8.088651e+03
2024	1	15	5	0
	980	58	245.000000	75.500000	9.799470e+04	9.689427e+00	4.229204e+03
	511	197	127.750000	40.750000	8.332270e+04	8.187615e+00	1.738335e+04
	813	205	203.250000	38.750000	9.761770e+04	2.378171e+01	-5.355720e-01
	373	401	93.250000	-10.250000	1.004817e+05	1.327956e+01	6.686600e-02
	222	445	55.500000	-21.250000	9.242570e+04	2.299097e+01	8.088651e+03
2024	1	15	8	6
	980	58	245.000000	75.500000	9.778012e+04	6.670039e+00	4.229204e+03
	1366	177	341.500000	45.750000	1.002091e+05	1.498471e+01	-1.122414e-02
	818	206	204.500000	38.500000	9.747112e+04	2.111310e+01	-9.561889e-01
	707	208	176.750000	38.000000	9.817912e+04	2.665373e+01	-8.774806e-01
	376	398	94.000000	-9.500000	1.004481e+05	1.613937e+01	6.590128e-03
	375	399	93.750000	-9.750000	1.004481e+05	1.613937e+01	-6.358395e-01
	640	399	160.000000	-9.750000	9.421212e+04	5.334320e+00	5.910511e+03
	222	445	55.500000	-21.250000	9.157312e+04	2.385804e+01	8.088651e+03
2024	1	15	6	12
	980	58	245.000000	75.500000	9.786073e+04	7.657422e+00	4.229204e+03
	823	205	205.750000	38.750000	9.757973e+04	1.702383e+01	4.088284e-01
	551	215	137.750000	36.250000	8.397773e+04	1.655079e+01	1.444707e+04
	378	400	94.500000	-10.000000	1.003497e+05	1.565516e+01	4.686300e-01
	188	438	47.000000	-19.500000	8.169173e+04	7.913969e+00	1.882964e+04
	223	445	55.750000	-21.250000	9.116173e+04	2.420084e+01	7.035729e+03
2024	1	15	4	18
	980	58	245.000000	75.500000	9.803138e+04	7.447042e+00	4.229204e+03
	828	201	207.000000	39.750000	9.777238e+04	1.686570e+01	-1.901645e+00
	377	400	94.250000	-10.000000	1.003164e+05	1.546048e+01	-1.337571e-01
	223	445	55.750000	-21.250000	9.188038e+04	2.430129e+01	7.035729e+03
2024	1	16	6	0
	831	196	207.750000	41.000000	9.802205e+04	1.512049e+01	-1.317127e+00
	499	328	124.750000	8.000000	8.798105e+04	1.115539e+01	1.317764e+04
	549	376	137.250000	-4.000000	7.002605e+04	6.045100e+00	3.434546e+04
	375	398	93.750000	-9.500000	1.002310e+05	1.570662e+01	1.676832e-01
	223	445	55.750000	-21.250000	9.233505e+04	2.371904e+01	7.035729e+03
	936	665	234.000000	-76.250000	7.348305e+04	6.052858e+00	2.313825e+04
2024	1	16	3	6
	376	399	94.000000	-9.750000	1.001591e+05	1.653108e+01	-9.773804e-01
	376	400	94.000000	-10.000000	1.001591e+05	1.653108e+01	-5.350325e-01
	936	665	234.000000	-76.250000	7.336209e+04	6.910097e+00	2.313825e+04
2024	1	16	4	12
	375	399	93.750000	-9.750000	1.001035e+05	1.482493e+01	-6.358395e-01
	547	542	136.750000	-45.500000	9.970045e+04	1.852402e+01	1.713504e+00
	1243	566	310.750000	-51.500000	9.800445e+04	1.873900e+01	-1.717977e-01
	936	665	234.000000	-76.250000	7.326545e+04	7.677785e+00	2.313825e+04
2024	1	16	9	18
	377	398	94.250000	-9.500000	1.000134e+05	1.613589e+01	1.276219e-01
	377	399	94.250000	-9.750000	1.000134e+05	1.613589e+01	-5.355517e-01
	750	415	187.500000	-13.750000	9.729744e+04	6.443484e+00	3.353551e+03
	712	431	178.000000	-17.750000	9.504744e+04	9.547593e+00	6.201385e+03
	1165	472	291.250000	-28.000000	5.540944e+04	1.287868e+01	5.026547e+04
	550	536	137.500000	-44.000000	9.959044e+04	1.787550e+01	4.080631e-01
	1147	557	286.750000	-49.250000	8.444744e+04	1.643859e+01	1.565129e+04
	1260	559	315.000000	-49.750000	9.838444e+04	2.097962e+01	-2.346260e-01
	936	665	234.000000	-76.250000	7.319244e+04	7.457009e+00	2.313825e+04
2024	1	17	9	0
	784	57	196.000000	75.750000	9.915756e+04	1.849243e+01	-4.666397e+00
	785	57	196.250000	75.750000	9.915756e+04	1.846692e+01	-5.224325e+00
	241	58	60.250000	75.500000	9.272056e+04	1.182993e+01	7.256258e+03
	70	91	17.500000	67.250000	8.667756e+04	9.012452e+00	1.130213e+04
	1143	344	285.750000	4.000000	6.733856e+04	3.373203e+00	3.464610e+04
	376	399	94.000000	-9.750000	9.994956e+04	1.543542e+01	-9.773804e-01
	250	455	62.500000	-23.750000	9.762156e+04	2.464641e+01	8.707429e-01
	1147	557	286.750000	-49.250000	8.432556e+04	1.622484e+01	1.565129e+04
	936	665	234.000000	-76.250000	7.316156e+04	8.064962e+00	2.313825e+04
2024	1	17	10	6
	797	53	199.250000	76.750000	9.972177e+04	1.692418e+01	2.294512e-01
	241	58	60.250000	75.500000	9.271977e+04	1.110395e+01	7.256258e+03
	70	91	17.500000	67.250000	8.668277e+04	9.812830e+00	1.130213e+04
	684	112	171.000000	62.000000	8.821577e+04	1.336404e+01	1.209415e+04
	828	196	207.000000	41.000000	9.789977e+04	1.845519e+01	-1.741800e+00
	377	400	94.250000	-10.000000	9.991077e+04	1.590759e+01	-1.337571e-01
	188	438	47.000000	-19.500000	8.160477e+04	4.324159e+00	1.882964e+04
	253	456	63.250000	-24.000000	9.763877e+04	2.245998e+01	6.296521e-01
	1147	557	286.750000	-49.250000	8.407077e+04	1.664492e+01	1.565129e+04
	936	665	234.000000	-76.250000	7.307677e+04	9.778747e+00	2.313825e+04
2024	1	17	8	12
	815	49	203.750000	77.750000	1.002708e+05	1.596646e+01	-6.124670e-01
	864	84	216.000000	69.000000	8.296281e+04	1.792135e+01	1.652295e+04
	878	116	219.500000	61.000000	7.284481e+04	1.159377e+01	2.798175e+04
	823	189	205.750000	42.750000	9.811781e+04	1.757342e+01	-3.944204e-01
	376	401	94.000000	-10.250000	9.976081e+04	1.706038e+01	-3.343375e-01
	188	438	47.000000	-19.500000	8.135781e+04	5.776724e+00	1.882964e+04
	256	456	64.000000	-24.000000	9.801481e+04	2.210497e+01	-5.960359e-01
	936	665	234.000000	-76.250000	7.300481e+04	1.041778e+01	2.313825e+04
2024	1	17	8	18
	827	45	206.750000	78.750000	1.006110e+05	1.364347e+01	-2.572848e+00
	980	58	245.000000	75.500000	9.789202e+04	6.821335e+00	4.229204e+03
	470	132	117.500000	57.000000	8.113602e+04	4.576245e+00	1.835752e+04
	810	186	202.500000	43.500000	9.814402e+04	1.961544e+01	-5.360562e-01
	376	403	94.000000	-10.750000	9.970702e+04	1.916571e+01	8.905292e-01
	188	438	47.000000	-19.500000	8.140802e+04	7.290258e+00	1.882964e+04
	257	456	64.250000	-24.000000	9.829202e+04	1.991016e+01	2.476821e-01
	936	665	234.000000	-76.250000	7.294602e+04	1.038453e+01	2.313825e+04
2024	1	18	9	0
	846	42	211.500000	79.500000	1.007730e+05	1.182519e+01	-1.221975e-01
	878	116	219.500000	61.000000	7.282605e+04	1.586005e+01	2.798175e+04
	389	345	97.250000	3.750000	8.254805e+04	7.455895e+00	2.103244e+04
	1126	363	281.500000	-0.750000	6.510305e+04	3.053591e+00	3.547748e+04
	376	404	94.000000	-11.000000	9.966205e+04	1.891690e+01	-1.218933e+00
	1150	419	287.500000	-14.750000	5.693805e+04	2.868963e+00	4.787863e+04
	188	438	47.000000	-19.500000	8.130205e+04	7.119260e+00	1.882964e+04
	260	456	65.000000	-24.000000	9.813605e+04	2.071519e+01	4.718719e-02
	940	665	235.000000	-76.250000	7.296305e+04	1.172161e+01	2.311013e+04
2024	1	18	11	6
	863	40	215.750000	80.000000	1.007353e+05	1.133324e+01	3.526860e-01
	860	41	215.000000	79.750000	1.007353e+05	1.133324e+01	3.484747e+00
	1184	125	296.000000	58.750000	8.962130e+04	1.567562e+01	6.688440e+03
	671	213	167.750000	36.750000	9.639530e+04	2.362210e+01	-1.332637e-01
	672	213	168.000000	36.750000	9.639530e+04	2.259761e+01	-5.146375e-01
	375	406	93.750000	-11.500000	9.963830e+04	1.983002e+01	-8.568510e-01
	1150	419	287.500000	-14.750000	5.695930e+04	3.501740e+00	4.787863e+04
	188	438	47.000000	-19.500000	8.145230e+04	7.839552e+00	1.882964e+04
	261	455	65.250000	-23.750000	9.841630e+04	2.066916e+01	-3.345756e-01
	586	528	146.500000	-42.000000	8.726730e+04	1.826569e+01	9.643412e+03
	23	617	5.750000	-64.250000	9.764730e+04	1.273303e+01	6.304584e-01
2024	1	18	9	12
	887	40	221.750000	80.000000	1.005888e+05	1.067690e+01	1.384145e+00
	889	40	222.250000	80.000000	1.005888e+05	1.067690e+01	-1.819178e+00
	522	137	130.500000	55.750000	8.420280e+04	5.011837e+00	1.467431e+04
	867	182	216.750000	44.500000	9.753480e+04	1.645949e+01	-4.148883e-01
	479	371	119.750000	-2.750000	8.226880e+04	7.710024e+00	1.932979e+04
	375	408	93.750000	-12.000000	9.950580e+04	1.905140e+01	4.490812e-01
	188	438	47.000000	-19.500000	8.124480e+04	9.933414e+00	1.882964e+04
	261	455	65.250000	-23.750000	9.861880e+04	1.870103e+01	-3.345756e-01
	1036	623	259.000000	-65.750000	9.538780e+04	1.279528e+01	-1.744822e-01
2024	1	18	7	18
	1184	125	296.000000	58.750000	8.905644e+04	1.962588e+01	6.688440e+03
	870	173	217.500000	46.750000	9.729144e+04	1.629986e+01	7.513182e-01
	373	409	93.250000	-12.250000	9.961944e+04	1.909482e+01	-1.078408e+00
	188	438	47.000000	-19.500000	8.142344e+04	9.260034e+00	1.882964e+04
	682	534	170.500000	-43.500000	8.529644e+04	1.230288e+01	1.504630e+04
	1147	557	286.750000	-49.250000	8.399544e+04	1.690961e+01	1.565129e+04
	1045	620	261.250000	-65.000000	9.554544e+04	1.172233e+01	1.067537e+00
2024	1	19	8	0
	1145	38	286.250000	80.500000	8.022909e+04	5.770514e+00	1.589178e+04
	1184	125	296.000000	58.750000	8.942209e+04	2.005234e+01	6.688440e+03
	866	167	216.500000	48.250000	9.724109e+04	1.490535e+01	1.251744e-01
	373	410	93.250000	-12.500000	9.960809e+04	1.841665e+01	-7.356975e-02
	188	438	47.000000	-19.500000	8.125809e+04	7.794390e+00	1.882964e+04
	682	534	170.500000	-43.500000	8.520109e+04	1.375150e+01	1.504630e+04
	1417	569	354.250000	-52.250000	9.634209e+04	2.195351e+01	-7.445520e-02
	1060	619	265.000000	-64.750000	9.583209e+04	1.264750e+01	-5.363473e-01
2024	1	19	6	6
	1145	38	286.250000	80.500000	7.965359e+04	5.717890e+00	1.589178e+04
	1184	125	296.000000	58.750000	8.996059e+04	1.835146e+01	6.688440e+03
	159	332	39.750000	7.000000	7.013759e+04	4.341605e+00	3.502236e+04
	371	410	92.750000	-12.500000	9.950759e+04	1.940417e+01	-4.551038e-01
	188	438	47.000000	-19.500000	8.141859e+04	7.111744e+00	1.882964e+04
	682	534	170.500000	-43.500000	8.490959e+04	1.580611e+01	1.504630e+04
2024	1	19	6	12
	1145	38	286.250000	80.500000	7.932995e+04	6.101989e+00	1.589178e+04
	1184	125	296.000000	58.750000	9.040195e+04	1.740283e+01	6.688440e+03
	832	161	208.000000	49.750000	9.733395e+04	2.309932e+01	1.715074e+00
	371	410	92.750000	-12.500000	9.941995e+04	1.976637e+01	-4.551038e-01
	576	438	144.000000	-19.500000	9.100395e+04	4.543805e+00	8.602448e+03
	682	534	170.500000	-43.500000	8.479895e+04	1.347343e+01	1.504630e+04
2024	1	19	7	18
	69	44	17.250000	79.000000	8.989617e+04	9.237178e+00	1.040664e+04
	830	164	207.500000	49.000000	9.682217e+04	1.986978e+01	-9.312426e-02
	499	328	124.750000	8.000000	8.766517e+04	7.837288e+00	1.317764e+04
	42	335	10.500000	6.250000	8.408917e+04	3.081239e+00	1.771421e+04
	115	373	28.750000	-3.250000	7.636217e+04	6.177000e+00	2.343204e+04
	371	410	92.750000	-12.500000	9.950417e+04	1.862707e+01	-4.551038e-01
	624	419	156.000000	-14.750000	9.970017e+04	1.225759e+01	2.282146e-01
2024	1	20	5	0
	69	44	17.250000	79.000000	8.973611e+04	8.624803e+00	1.040664e+04
	825	162	206.250000	49.500000	9.676311e+04	1.977953e+01	-2.527249e-01
	371	410	92.750000	-12.500000	9.913211e+04	2.037032e+01	-4.551038e-01
	623	418	155.750000	-14.500000	9.995211e+04	1.410311e+01	-2.941282e-01
	1294	578	323.500000	-54.500000	9.415211e+04	1.057656e+01	4.910062e+03
2024	1	20	6	6
	69	44	17.250000	79.000000	8.957053e+04	7.605523e+00	1.040664e+04
	864	84	216.000000	69.000000	8.141653e+04	1.398213e+01	1.652295e+04
	817	162	204.250000	49.500000	9.691153e+04	1.959035e+01	1.079944e-01
	370	410	92.500000	-12.500000	9.916353e+04	2.092429e+01	-4.351525e-01
	621	418	155.250000	-14.500000	9.964453e+04	1.377388e+01	-3.947702e-01
	1147	557	286.750000	-49.250000	8.476153e+04	1.261597e+01	1.565129e+04
2024	1	20	7	12
	69	44	17.250000	79.000000	8.960816e+04	6.072711e+00	1.040664e+04
	980	58	245.000000	75.500000	9.412416e+04	1.623648e+01	4.229204e+03
	810	162	202.500000	49.500000	9.698816e+04	1.969401e+01	-1.560012e+00
	146	362	36.500000	-0.500000	7.464716e+04	4.237705e+00	2.409771e+04
	370	410	92.500000	-12.500000	9.910116e+04	1.983157e+01	-4.351525e-01
	622	419	155.500000	-14.750000	1.000302e+05	1.302011e+01	-4.952807e-01
	622	420	155.500000	-15.000000	1.000302e+05	1.264994e+01	1.274167e-01
2024	1	20	5	18
	804	163	201.000000	49.250000	9.691328e+04	1.791040e+01	9.543651e-01
	42	335	10.500000	6.250000	8.416228e+04	3.141700e+00	1.771421e+04
	370	409	92.500000	-12.250000	9.927028e+04	2.105391e+01	-1.312587e-02
	621	418	155.250000	-14.500000	9.974728e+04	1.638001e+01	-3.947702e-01
	1147	557	286.750000	-49.250000	8.518128e+04	9.919154e+00	1.565129e+04
2024	1	21	6	0
	795	195	198.750000	41.250000	9.686947e+04	1.969252e+01	-5.350076e-01
	733	200	183.250000	40.000000	9.819347e+04	1.683103e+01	-3.542099e-01
	1126	363	281.500000	-0.750000	6.507647e+04	2.330078e+00	3.547748e+04
	369	408	92.250000	-12.000000	9.920247e+04	2.062195e+01	1.071636e-01
	617	421	154.250000	-15.250000	9.992847e+04	1.585780e+01	-9.578619e-01
	842	430	210.500000	-17.500000	9.989847e+04	7.545854e+00	1.932643e+03
2024	1	21	10	6
	378	38	94.500000	80.500000	9.169423e+04	8.405857e+00	6.741115e+03
	885	166	221.250000	48.500000	9.860623e+04	8.667015e+00	1.035146e-02
	734	201	183.500000	39.750000	9.819523e+04	1.575420e+01	-5.757142e-01
	733	202	183.250000	39.500000	9.819523e+04	1.575420e+01	-6.157722e-01
	369	408	92.250000	-12.000000	9.910123e+04	2.092650e+01	1.071636e-01
	619	422	154.750000	-15.500000	9.975523e+04	1.466877e+01	-6.354506e-01
	1261	449	315.250000	-22.250000	8.594523e+04	6.583796e+00	1.526378e+04
	852	471	213.000000	-27.750000	1.000492e+05	2.020160e+01	-8.166848e-01
	1340	597	335.000000	-59.250000	9.574123e+04	1.705563e+01	-2.400226e+00
	1106	612	276.500000	-63.000000	9.700723e+04	1.755170e+01	8.485919e-01
2024	1	21	8	12
	378	38	94.500000	80.500000	9.148167e+04	7.902301e+00	6.741115e+03
	146	362	36.500000	-0.500000	7.468367e+04	4.964506e+00	2.409771e+04
	549	376	137.250000	-4.000000	7.015067e+04	8.087025e+00	3.434546e+04
	368	408	92.000000	-12.000000	9.913267e+04	1.987079e+01	3.484339e-01
	615	423	153.750000	-15.750000	9.991167e+04	1.495618e+01	1.634048e+00
	504	425	126.000000	-16.250000	9.398467e+04	9.034634e+00	5.997688e+03
	1147	557	286.750000	-49.250000	8.506367e+04	1.427029e+01	1.565129e+04
	1349	603	337.250000	-60.750000	9.585567e+04	1.694730e+01	2.895073e-01
2024	1	21	4	18
	378	38	94.500000	80.500000	9.137180e+04	6.676739e+00	6.741115e+03
	367	408	91.750000	-12.000000	9.946580e+04	1.926688e+01	-3.331870e-02
	1273	412	318.250000	-13.000000	8.814980e+04	6.055984e+00	1.187148e+04
	613	423	153.250000	-15.750000	9.967380e+04	1.671103e+01	8.500782e-01
2024	1	22	3	0
	367	409	91.750000	-12.250000	9.938903e+04	2.106962e+01	1.276637e-01
	504	425	126.000000	-16.250000	9.414703e+04	9.922049e+00	5.997688e+03
	1147	557	286.750000	-49.250000	8.516603e+04	1.236813e+01	1.565129e+04
2024	1	22	6	6
	470	132	117.500000	57.000000	8.210024e+04	6.672980e+00	1.835752e+04
	1426	132	356.500000	57.000000	9.094324e+04	2.225432e+01	6.631977e+03
	366	409	91.500000	-12.250000	9.941524e+04	2.095013e+01	-5.959448e-01
	617	424	154.250000	-16.000000	9.954724e+04	1.693901e+01	-8.776144e-01
	504	425	126.000000	-16.250000	9.391124e+04	1.095911e+01	5.997688e+03
	1147	557	286.750000	-49.250000	8.509824e+04	1.379387e+01	1.565129e+04
2024	1	22	7	12
	980	58	245.000000	75.500000	9.538906e+04	1.011088e+01	4.229204e+03
	470	132	117.500000	57.000000	8.216506e+04	6.134637e+00	1.835752e+04
	365	410	91.250000	-12.500000	9.959006e+04	1.878429e+01	2.077120e-01
	504	425	126.000000	-16.250000	9.409006e+04	8.070511e+00	5.997688e+03
	615	426	153.750000	-16.500000	9.978606e+04	1.513096e+01	5.894729e-01
	712	431	178.000000	-17.750000	9.530206e+04	5.403807e+00	6.201385e+03
	1147	557	286.750000	-49.250000	8.508906e+04	1.074074e+01	1.565129e+04
2024	1	22	10	18
	69	44	17.250000	79.000000	8.960573e+04	1.811720e+01	1.040664e+04
	980	58	245.000000	75.500000	9.527073e+04	8.766661e+00	4.229204e+03
	34	114	8.500000	61.500000	8.104573e+04	2.090794e+01	1.553079e+04
	470	132	117.500000	57.000000	8.212573e+04	6.068722e+00	1.835752e+04
	331	287	82.750000	18.250000	9.070873e+04	6.626823e+00	1.026807e+04
	366	410	91.500000	-12.500000	9.986673e+04	1.791926e+01	-1.134270e-01
	1150	419	287.500000	-14.750000	5.697773e+04	5.007447e+00	4.787863e+04
	615	426	153.750000	-16.500000	9.952373e+04	1.707369e+01	5.894729e-01
	188	438	47.000000	-19.500000	8.182673e+04	3.050161e+00	1.882964e+04
	1147	557	286.750000	-49.250000	8.505973e+04	1.109078e+01	1.565129e+04
2024	1	23	4	0
	34	114	8.500000	61.500000	8.147170e+04	2.000776e+01	1.553079e+04
	470	132	117.500000	57.000000	8.208870e+04	4.081684e+00	1.835752e+04
	366	411	91.500000	-12.750000	9.989670e+04	1.784840e+01	3.286178e-01
	616	427	154.000000	-16.750000	9.949070e+04	2.000145e+01	-4.346672e-01
2024	1	23	5	6
	1143	344	285.750000	4.000000	6.744566e+04	3.349752e+00	3.464610e+04
	365	413	91.250000	-13.250000	9.995366e+04	1.764569e+01	1.476954e-01
	366	413	91.500000	-13.250000	9.995366e+04	1.764569e+01	-4.552237e-01
	616	429	154.000000	-17.250000	9.914666e+04	1.656023e+01	4.697576e-02
	56	587	14.000000	-56.750000	9.647866e+04	2.103955e+01	-4.140825e-01
2024	1	23	3	12
	365	414	91.250000	-13.500000	9.979433e+04	1.776808e+01	-5.556590e-01
	615	429	153.750000	-17.250000	9.947533e+04	1.633779e+01	1.079892e-01
	474	451	118.500000	-22.750000	9.155833e+04	1.098082e+01	8.118196e+03
2024	1	23	4	18
	365	415	91.250000	-13.750000	9.992298e+04	1.810918e+01	2.879792e-01
	1150	419	287.500000	-14.750000	5.693199e+04	4.609727e+00	4.787863e+04
	222	445	55.500000	-21.250000	9.253298e+04	1.311327e+01	8.088651e+03
	474	451	118.500000	-22.750000	9.168898e+04	9.582052e+00	8.118196e+03
2024	1	24	8	0
	564	110	141.000000	62.500000	7.846945e+04	6.887471e+00	1.960690e+04
	766	169	191.500000	47.750000	9.840145e+04	1.379794e+01	5.103716e-01
	43	173	10.750000	46.750000	7.669745e+04	8.480499e+00	2.314964e+04
	863	178	215.750000	45.500000	9.783445e+04	2.166485e+01	2.477154e-01
	364	415	91.000000	-13.750000	9.981145e+04	1.856565e+01	3.080587e-01
	222	445	55.500000	-21.250000	9.221845e+04	1.381202e+01	8.088651e+03
	474	451	118.500000	-22.750000	9.180645e+04	9.440076e+00	8.118196e+03
	480	588	120.000000	-57.000000	9.806045e+04	9.354931e+00	2.680671e-01
2024	1	24	11	6
	761	169	190.250000	47.750000	9.876619e+04	1.536019e+01	8.311636e-01
	43	173	10.750000	46.750000	7.662519e+04	9.226935e+00	2.314964e+04
	879	174	219.750000	46.500000	9.817819e+04	1.903979e+01	8.796530e-02
	572	185	143.000000	43.750000	8.774219e+04	1.883845e+01	1.062525e+04
	364	416	91.000000	-14.000000	9.967819e+04	2.093187e+01	-7.766543e-01
	1150	419	287.500000	-14.750000	5.693919e+04	3.015309e+00	4.787863e+04
	712	431	178.000000	-17.750000	9.529819e+04	6.187676e+00	6.201385e+03
	222	445	55.500000	-21.250000	9.224819e+04	1.460440e+01	8.088651e+03
	474	451	118.500000	-22.750000	9.159619e+04	1.097198e+01	8.118196e+03
	480	591	120.000000	-57.750000	9.790619e+04	8.689709e+00	9.496224e-01
	732	601	183.000000	-60.250000	9.557319e+04	2.412631e+01	2.867331e-01
2024	1	24	9	12
	1176	91	294.000000	67.250000	8.166274e+04	1.225553e+01	1.591282e+04
	43	173	10.750000	46.750000	7.660374e+04	1.037616e+01	2.314964e+04
	485	263	121.250000	24.250000	7.976974e+04	1.464017e+01	2.229731e+04
	533	414	133.250000	-13.500000	9.667174e+04	8.203800e+00	3.774556e+03
	364	417	91.000000	-14.250000	9.959674e+04	2.061414e+01	4.889550e-01
	222	445	55.500000	-21.250000	9.205274e+04	1.390730e+01	8.088651e+03
	474	451	118.500000	-22.750000	9.172674e+04	7.715232e+00	8.118196e+03
	482	591	120.500000	-57.750000	9.789474e+04	1.052829e+01	6.912441e-01
	1037	611	259.250000	-62.750000	9.634574e+04	1.866031e+01	2.246389e-01
2024	1	24	9	18
	1176	91	294.000000	67.250000	8.155781e+04	1.024444e+01	1.591282e+04
	684	112	171.000000	62.000000	8.775181e+04	6.411885e+00	1.209415e+04
	750	169	187.500000	47.750000	9.919181e+04	1.442346e+01	5.686299e-01
	43	173	10.750000	46.750000	7.650381e+04	7.988150e+00	2.314964e+04
	364	417	91.000000	-14.250000	9.963981e+04	1.942156e+01	4.889550e-01
	1150	419	287.500000	-14.750000	5.691781e+04	4.361189e+00	4.787863e+04
	222	445	55.500000	-21.250000	9.226281e+04	1.420857e+01	8.088651e+03
	474	451	118.500000	-22.750000	9.172181e+04	8.337579e+00	8.118196e+03
	1093	674	273.250000	-78.500000	7.170081e+04	6.427821e+00	2.330432e+04
2024	1	25	11	0
	240	58	60.000000	75.500000	9.233598e+04	1.340422e+01	7.587208e+03
	34	114	8.500000	61.500000	8.412798e+04	8.731121e+00	1.553079e+04
	43	173	10.750000	46.750000	7.644898e+04	6.328366e+00	2.314964e+04
	485	263	121.250000	24.250000	7.997098e+04	1.238317e+01	2.229731e+04
	363	419	90.750000	-14.750000	9.956398e+04	2.022673e+01	7.901744e-01
	504	425	126.000000	-16.250000	9.451798e+04	6.534879e+00	5.997688e+03
	712	431	178.000000	-17.750000	9.512198e+04	1.381876e+01	6.201385e+03
	474	451	118.500000	-22.750000	9.200198e+04	6.262339e+00	8.118196e+03
	865	508	216.250000	-37.000000	9.993298e+04	1.795522e+01	4.687570e-01
	793	643	198.250000	-70.750000	9.521198e+04	1.697707e+01	1.829617e-01
	1093	674	273.250000	-78.500000	7.179398e+04	6.086240e+00	2.330432e+04
2024	1	25	9	6
	240	58	60.000000	75.500000	9.250839e+04	1.344315e+01	7.587208e+03
	43	173	10.750000	46.750000	7.631939e+04	5.312364e+00	2.314964e+04
	485	263	121.250000	24.250000	7.981339e+04	1.234169e+01	2.229731e+04
	640	399	160.000000	-9.750000	9.474739e+04	7.875592e+00	5.910511e+03
	360	421	90.000000	-15.250000	9.975539e+04	2.026940e+01	3.886375e-01
	504	425	126.000000	-16.250000	9.426039e+04	8.539704e+00	5.997688e+03
	712	431	178.000000	-17.750000	9.477339e+04	1.383834e+01	6.201385e+03
	474	451	118.500000	-22.750000	9.175539e+04	9.477778e+00	8.118196e+03
	555	483	138.750000	-30.750000	9.449639e+04	1.223895e+01	6.120242e+03
2024	1	25	7	12
	240	58	60.000000	75.500000	9.265302e+04	1.284553e+01	7.587208e+03
	463	343	115.750000	4.250000	8.717702e+04	8.818872e+00	1.352554e+04
	1150	419	287.500000	-14.750000	5.688302e+04	2.986975e+00	4.787863e+04
	357	422	89.250000	-15.500000	9.965802e+04	2.013406e+01	-5.348822e-02
	577	439	144.250000	-19.750000	9.090802e+04	1.060775e+01	8.491673e+03
	474	451	118.500000	-22.750000	9.194202e+04	9.481397e+00	8.118196e+03
	350	591	87.500000	-57.750000	9.687102e+04	1.713823e+01	4.489928e-01
2024	1	25	5	18
	240	58	60.000000	75.500000	9.283732e+04	1.130574e+01	7.587208e+03
	804	188	201.000000	43.000000	9.652332e+04	1.549613e+01	-1.544070e-01
	1273	412	318.250000	-13.000000	8.792332e+04	4.548335e+00	1.187148e+04
	352	424	88.000000	-16.000000	9.992632e+04	1.893730e+01	8.722672e-02
	577	439	144.250000	-19.750000	9.035032e+04	9.876307e+00	8.491673e+03
2024	1	26	6	0
	241	58	60.250000	75.500000	9.286707e+04	1.030832e+01	7.256258e+03
	504	425	126.000000	-16.250000	9.454807e+04	8.507886e+00	5.997688e+03
	348	426	87.000000	-16.500000	9.983407e+04	2.079536e+01	6.735872e-02
	577	439	144.250000	-19.750000	9.056607e+04	9.569750e+00	8.491673e+03
	244	462	61.000000	-25.500000	9.891307e+04	2.106778e+01	-1.256715e-02
	1361	566	340.250000	-51.500000	9.938407e+04	1.113834e+01	-7.784749e-01
2024	1	26	7	6
	69	44	17.250000	79.000000	9.033278e+04	1.811076e+01	1.040664e+04
	1273	412	318.250000	-13.000000	8.809478e+04	4.347485e+00	1.187148e+04
	344	427	86.000000	-16.750000	9.999378e+04	2.041288e+01	1.373353e+00
	576	438	144.000000	-19.500000	9.059278e+04	8.352262e+00	8.602448e+03
	474	451	118.500000	-22.750000	9.200678e+04	7.534486e+00	8.118196e+03
	245	464	61.250000	-26.000000	9.899478e+04	2.241020e+01	6.294299e-01
	266	606	66.500000	-61.500000	9.648978e+04	1.691628e+01	-9.729236e-03
2024	1	26	10	12
	69	44	17.250000	79.000000	9.052903e+04	1.422981e+01	1.040664e+04
	817	181	204.250000	44.750000	9.677303e+04	1.779238e+01	4.908568e-01
	533	414	133.250000	-13.500000	9.660103e+04	1.127081e+01	3.774556e+03
	340	429	85.000000	-17.250000	1.000240e+05	1.896547e+01	7.701000e-01
	577	439	144.250000	-19.750000	9.087203e+04	7.144281e+00	8.491673e+03
	741	439	185.250000	-19.750000	1.001970e+05	1.391454e+01	-8.913506e+00
	245	464	61.250000	-26.000000	9.919703e+04	2.454186e+01	6.294299e-01
	681	535	170.250000	-43.750000	8.361703e+04	1.827392e+01	1.353247e+04
	1397	562	349.250000	-50.500000	9.900103e+04	1.250780e+01	-1.344048e-01
	270	607	67.500000	-61.750000	9.683903e+04	1.333137e+01	1.665288e-01
2024	1	26	7	18
	825	176	206.250000	46.000000	9.691660e+04	1.752833e+01	3.092589e-01
	1273	412	318.250000	-13.000000	8.803960e+04	4.643284e+00	1.187148e+04
	336	432	84.000000	-18.000000	1.003766e+05	1.905677e+01	4.487708e-01
	576	438	144.000000	-19.500000	9.075760e+04	6.695385e+00	8.602448e+03
	246	466	61.500000	-26.500000	9.970160e+04	2.190493e+01	4.690229e-01
	873	488	218.250000	-32.000000	1.010436e+05	1.448644e+01	4.482513e-01
	1405	565	351.250000	-51.250000	9.873760e+04	1.233038e+01	-2.943484e-01
2024	1	27	5	0
	332	434	83.000000	-18.500000	1.000180e+05	1.979245e+01	-1.535048e-01
	576	438	144.000000	-19.500000	9.099702e+04	9.957497e+00	8.602448e+03
	243	471	60.750000	-27.750000	9.966202e+04	2.252994e+01	4.892116e-01
	244	471	61.000000	-27.750000	9.966202e+04	2.252994e+01	7.099792e-01
	1414	568	353.500000	-52.000000	9.864502e+04	1.324155e+01	4.083157e-01
2024	1	27	7	6
	878	116	219.500000	61.000000	7.030288e+04	9.698133e+00	2.798175e+04
	449	195	112.250000	41.250000	8.211988e+04	6.414218e+00	1.738125e+04
	479	371	119.750000	-2.750000	8.243688e+04	7.661739e+00	1.932979e+04
	328	435	82.000000	-18.750000	9.991288e+04	2.016452e+01	1.071851e-01
	577	439	144.250000	-19.750000	9.076988e+04	8.555993e+00	8.491673e+03
	762	460	190.500000	-25.000000	1.000569e+05	1.535254e+01	4.082488e-01
	241	473	60.250000	-28.250000	9.998688e+04	1.977442e+01	-7.966412e-01
2024	1	27	7	12
	1372	102	343.000000	64.500000	8.011672e+04	2.053078e+01	1.504350e+04
	878	116	219.500000	61.000000	6.996572e+04	1.065293e+01	2.798175e+04
	1338	209	334.500000	37.750000	9.962572e+04	1.468695e+01	1.223095e+03
	1106	322	276.500000	9.500000	8.231172e+04	7.613153e+00	2.245480e+04
	323	437	80.750000	-19.250000	9.974772e+04	2.076150e+01	-5.756109e-01
	239	479	59.750000	-29.750000	1.000387e+05	1.853560e+01	-2.349809e-01
	1424	575	356.000000	-53.750000	9.828972e+04	1.211060e+01	-8.975019e-01
2024	1	27	5	18
	878	116	219.500000	61.000000	7.019942e+04	9.450655e+00	2.798175e+04
	762	186	190.500000	43.500000	9.744942e+04	1.123781e+01	-5.160928e-01
	146	362	36.500000	-0.500000	7.497642e+04	3.839446e+00	2.409771e+04
	318	437	79.500000	-19.250000	1.002034e+05	1.872209e+01	-1.735618e-01
	1429	578	357.250000	-54.500000	9.812742e+04	1.139766e+01	-5.296719e-02
2024	1	28	8	0
	932	110	233.000000	62.500000	7.865620e+04	5.005874e+00	1.850935e+04
	878	116	219.500000	61.000000	7.032120e+04	9.014500e+00	2.798175e+04
	312	439	78.000000	-19.750000	9.998420e+04	1.932943e+01	3.683327e-01
	577	439	144.250000	-19.750000	9.105020e+04	9.336228e+00	8.491673e+03
	1147	557	286.750000	-49.250000	8.440420e+04	1.525355e+01	1.565129e+04
	692	611	173.000000	-62.750000	9.645520e+04	1.903680e+01	-2.949046e-01
	693	611	173.250000	-62.750000	9.645520e+04	1.927008e+01	-6.676456e-02
	649	654	162.250000	-73.500000	7.188420e+04	1.657972e+01	2.526305e+04
2024	1	28	7	6
	69	44	17.250000	79.000000	8.859725e+04	1.144209e+01	1.040664e+04
	878	116	219.500000	61.000000	7.043225e+04	1.313822e+01	2.798175e+04
	1425	132	356.250000	57.000000	9.382725e+04	1.661139e+01	6.603712e+03
	971	151	242.750000	52.250000	7.646625e+04	5.185223e+00	2.358352e+04
	306	441	76.500000	-20.250000	1.000782e+05	2.166871e+01	1.883732e-01
	1147	557	286.750000	-49.250000	8.447425e+04	1.479415e+01	1.565129e+04
	687	617	171.750000	-64.250000	9.644825e+04	1.590344e+01	5.713751e-01
2024	1	28	8	12
	69	44	17.250000	79.000000	8.841723e+04	1.403605e+01	1.040664e+04
	34	114	8.500000	61.500000	8.488423e+04	2.110234e+01	1.553079e+04
	1425	132	356.250000	57.000000	9.352723e+04	2.061920e+01	6.603712e+03
	1371	188	342.750000	43.000000	1.008002e+05	1.424132e+01	7.105774e-01
	640	399	160.000000	-9.750000	9.480523e+04	1.102679e+01	5.910511e+03
	750	415	187.500000	-13.750000	9.737123e+04	7.234574e+00	3.353551e+03
	300	444	75.000000	-21.000000	9.995723e+04	1.885484e+01	2.080614e-01
	1271	624	317.750000	-66.000000	9.596323e+04	1.606693e+01	-1.363782e+00
2024	1	28	11	18
	980	58	245.000000	75.500000	9.522777e+04	9.296454e+00	4.229204e+03
	34	114	8.500000	61.500000	8.461377e+04	2.273619e+01	1.553079e+04
	1425	132	356.250000	57.000000	9.332977e+04	1.692306e+01	6.603712e+03
	324	219	81.000000	35.250000	4.873577e+04	4.825074e+00	5.744195e+04
	1390	315	347.500000	11.250000	9.133077e+04	5.249026e+00	9.241364e+03
	640	399	160.000000	-9.750000	9.459677e+04	1.523904e+01	5.910511e+03
	294	446	73.500000	-21.500000	1.002218e+05	1.840793e+01	-3.341869e-02
	327	606	81.750000	-61.500000	9.676377e+04	8.155913e+00	-1.249000e-02
	328	606	82.000000	-61.500000	9.676377e+04	8.155913e+00	6.485633e-01
	329	607	82.250000	-61.750000	9.676377e+04	8.155913e+00	1.081663e-01
	1272	628	318.000000	-67.000000	9.621177e+04	1.574438e+01	2.062344e-01
2024	1	29	9	0
	980	58	245.000000	75.500000	9.494695e+04	7.568386e+00	4.229204e+03
	34	114	8.500000	61.500000	8.426795e+04	2.159818e+01	1.553079e+04
	640	399	160.000000	-9.750000	9.481095e+04	1.546606e+01	5.910511e+03
	289	450	72.250000	-22.500000	9.994195e+04	2.009788e+01	3.292364e-01
	62	583	15.500000	-55.750000	9.825795e+04	1.457142e+01	1.673874e-01
	63	583	15.750000	-55.750000	9.825795e+04	1.472637e+01	-4.145589e-01
	316	599	79.000000	-59.750000	9.704795e+04	6.810948e+00	-9.168612e-01
	1088	625	272.000000	-66.250000	9.718995e+04	1.263288e+01	-6.117017e-01
	1274	631	318.500000	-67.750000	9.654095e+04	1.430730e+01	-8.648087e-02
2024	1	29	8	6
	499	328	124.750000	8.000000	8.803748e+04	1.135050e+01	1.317764e+04
	640	399	160.000000	-9.750000	9.464448e+04	1.257202e+01	5.910511e+03
	286	455	71.500000	-23.750000	1.000515e+05	1.970085e+01	4.739551e-02
	612	592	153.000000	-58.000000	9.589048e+04	1.636766e+01	2.701725e-01
	318	597	79.500000	-59.250000	9.712348e+04	5.645837e+00	4.883420e-01
	1085	623	271.250000	-65.750000	9.737948e+04	1.191703e+01	3.271605e-01
	1086	623	271.500000	-65.750000	9.737948e+04	1.191703e+01	8.335078e-01
	451	627	112.750000	-66.750000	8.400148e+04	1.913916e+01	1.244010e+04
2024	1	29	6	12
	378	38	94.500000	80.500000	9.351443e+04	1.788622e+01	6.741115e+03
	971	151	242.750000	52.250000	7.689243e+04	5.798300e+00	2.358352e+04
	255	427	63.750000	-16.750000	1.004784e+05	1.149708e+01	-3.752003e-01
	283	460	70.750000	-25.000000	9.967143e+04	1.901246e+01	4.294649e-01
	626	596	156.500000	-59.000000	9.618743e+04	1.679818e+01	-9.594367e-01
	627	596	156.750000	-59.000000	9.618743e+04	1.656429e+01	2.686448e-01
2024	1	29	7	18
	971	151	242.750000	52.250000	7.675080e+04	4.883104e+00	2.358352e+04
	137	397	34.250000	-9.250000	7.841380e+04	2.890554e+00	2.260345e+04
	640	399	160.000000	-9.750000	9.450180e+04	1.253851e+01	5.910511e+03
	474	451	118.500000	-22.750000	9.221380e+04	7.755656e+00	8.118196e+03
	283	465	70.750000	-26.250000	9.941480e+04	2.155174e+01	-5.155739e-01
	889	473	222.250000	-28.250000	1.008858e+05	9.902828e+00	3.688264e-01
	644	602	161.000000	-60.500000	9.638880e+04	1.535578e+01	2.089405e-01
2024	1	30	6	0
	864	84	216.000000	69.000000	7.907011e+04	1.810227e+01	1.652295e+04
	971	151	242.750000	52.250000	7.667711e+04	5.710396e+00	2.358352e+04
	640	399	160.000000	-9.750000	9.469911e+04	1.256634e+01	5.910511e+03
	256	431	64.000000	-17.750000	1.003371e+05	1.149375e+01	-3.747308e-01
	285	471	71.250000	-27.750000	9.921511e+04	2.214346e+01	2.882237e-01
	1429	558	357.250000	-49.500000	9.650211e+04	1.970664e+01	2.090072e-01
2024	1	30	8	6
	864	84	216.000000	69.000000	7.899513e+04	1.776797e+01	1.652295e+04
	971	151	242.750000	52.250000	7.638613e+04	6.112295e+00	2.358352e+04
	680	343	170.000000	4.250000	1.007281e+05	1.369758e+01	3.082877e-01
	640	399	160.000000	-9.750000	9.448013e+04	1.318007e+01	5.910511e+03
	533	414	133.250000	-13.500000	9.639513e+04	8.434539e+00	3.774556e+03
	257	434	64.250000	-18.500000	1.005131e+05	1.378722e+01	-4.954802e-01
	289	475	72.250000	-28.750000	9.946613e+04	2.194204e+01	-2.932083e-01
	952	628	238.000000	-67.000000	9.815313e+04	1.295037e+01	-9.611499e-01
2024	1	30	7	12
	971	151	242.750000	52.250000	7.602138e+04	6.768134e+00	2.358352e+04
	854	196	213.500000	41.000000	9.632738e+04	2.350281e+01	2.695409e-01
	549	376	137.250000	-4.000000	7.028938e+04	8.203517e+00	3.434546e+04
	640	399	160.000000	-9.750000	9.488738e+04	1.213423e+01	5.910511e+03
	259	436	64.750000	-19.000000	1.002994e+05	1.274108e+01	-8.971980e-01
	295	479	73.750000	-29.750000	9.940038e+04	2.128012e+01	7.707648e-01
	960	624	240.000000	-66.000000	9.830238e+04	1.308095e+01	-6.354684e-01
2024	1	30	5	18
	878	116	219.500000	61.000000	7.047516e+04	1.046765e+01	2.798175e+04
	549	376	137.250000	-4.000000	7.013216e+04	8.372894e+00	3.434546e+04
	260	439	65.000000	-19.750000	1.004022e+05	1.323825e+01	-7.380468e-02
	302	482	75.500000	-30.500000	9.972216e+04	2.177739e+01	-1.322438e-02
	1113	602	278.250000	-60.500000	9.789216e+04	1.366437e+01	5.478499e-01
2024	1	31	8	0
	378	38	94.500000	80.500000	9.290109e+04	1.953947e+01	6.741115e+03
	878	116	219.500000	61.000000	7.078909e+04	9.435547e+00	2.798175e+04
	877	196	219.250000	41.000000	9.620109e+04	2.344748e+01	7.526395e-01
	499	328	124.750000	8.000000	8.819009e+04	9.554455e+00	1.317764e+04
	261	439	65.250000	-19.750000	1.003461e+05	1.356827e+01	-1.057804e+00
	314	486	78.500000	-31.500000	9.977309e+04	2.168272e+01	6.292435e-01
	1122	606	280.500000	-61.500000	9.764009e+04	1.543021e+01	1.641781e+00
	15	617	3.750000	-64.250000	9.425209e+04	1.594504e+01	4.285972e-01
2024	1	31	8	6
	378	38	94.500000	80.500000	9.288355e+04	1.960946e+01	6.741115e+03
	136	132	34.000000	57.000000	9.897155e+04	4.010555e+00	2.577974e+03
	1425	132	356.250000	57.000000	9.416655e+04	2.389943e+01	6.603712e+03
	891	191	222.750000	42.250000	9.617255e+04	2.088731e+01	-1.237873e+00
	504	425	126.000000	-16.250000	9.449055e+04	6.745390e+00	5.997688e+03
	263	439	65.750000	-19.750000	1.004575e+05	1.466767e+01	-1.118199e+00
	263	440	65.750000	-20.000000	1.004575e+05	1.466767e+01	-1.199257e+00
	7	616	1.750000	-64.000000	9.423155e+04	1.513801e+01	-7.766463e-01
2024	1	31	9	12
	378	38	94.500000	80.500000	9.290208e+04	1.917910e+01	6.741115e+03
	69	44	17.250000	79.000000	8.664808e+04	1.390086e+01	1.040664e+04
	1184	125	296.000000	58.750000	8.989208e+04	1.591801e+01	6.688440e+03
	898	182	224.500000	44.500000	9.620508e+04	1.937707e+01	-4.565388e-01
	899	182	224.750000	44.500000	9.620508e+04	1.937707e+01	9.682857e-01
	499	328	124.750000	8.000000	8.817808e+04	9.301121e+00	1.317764e+04
	712	431	178.000000	-17.750000	9.515408e+04	9.720393e+00	6.201385e+03
	576	438	144.000000	-19.500000	9.119308e+04	3.180134e+00	8.602448e+03
	9	615	2.250000	-63.750000	9.460208e+04	1.431525e+01	-3.930508e-01
2024	1	31	7	18
	378	38	94.500000	80.500000	9.291974e+04	1.862245e+01	6.741115e+03
	69	44	17.250000	79.000000	8.658974e+04	1.264853e+01	1.040664e+04
	564	110	141.000000	62.500000	7.823074e+04	5.640129e+00	1.960690e+04
	971	151	242.750000	52.250000	7.582174e+04	5.352205e+00	2.358352e+04
	965	211	241.250000	37.250000	7.142074e+04	6.611716e+00	3.137295e+04
	267	439	66.750000	-19.750000	1.004077e+05	1.486786e+01	-2.744404e-01
	15	617	3.750000	-64.250000	9.494674e+04	1.527203e+01	4.285972e-01
